"Município";"De 0 a 4 anos";"De 5 a 9 anos";"De 10 a 14 anos";"De 15 a 19 anos";"De 20 a 24 anos";"De 25 a 29 anos";"De 30 a 34 anos";"De 35 a 39 anos";"De 40 a 44 anos";"De 45 a 49 anos";"De 50 a 54 anos";"De 55 a 59 anos";"De 60 a 64 anos";"De 65 a 69 anos";"De 70 a 74 anos";"De 75 a 79 anos";"De 80 anos ou mais";"Total"
"310010 Abadia dos Dourados";415;407;414;527;530;481;514;510;519;556;487;402;373;292;229;138;143;6937
"310020 Abaeté";1287;1313;1483;1746;1759;1767;1656;1582;1573;1702;1704;1514;1253;961;732;538;625;23195
"310030 Abre Campo";863;862;939;1015;1079;993;1005;998;907;911;895;781;666;509;376;309;379;13487
"310040 Acaiaca";266;280;253;312;324;273;280;283;284;260;261;220;189;145;134;97;133;3994
"310050 Açucena";653;622;682;821;790;680;646;653;672;633;589;526;463;389;333;265;372;9789
"310060 Água Boa";1142;1071;1194;1395;1299;1072;923;948;873;843;784;633;578;410;339;262;284;14050
"310070 Água Comprida";98;96;123;140;157;169;151;140;143;143;140;123;118;98;64;53;63;2019
"310080 Aguanil";262;266;266;349;337;310;307;320;293;305;306;291;256;188;121;95;99;4371
"310090 Águas Formosas";1441;1402;1563;1579;1638;1454;1490;1316;1237;1112;1047;849;788;654;567;457;489;19083
"310100 Águas Vermelhas";1026;997;1102;1145;1221;1155;986;910;832;752;732;643;530;453;343;238;287;13352
"310110 Aimorés";1622;1630;1735;1872;1924;1824;1784;1847;1771;1679;1649;1485;1243;995;768;604;815;25247
"310120 Aiuruoca";295;298;381;435;473;440;388;423;409;451;460;434;354;267;222;166;195;6091
"310130 Alagoa";156;157;156;201;206;179;178;163;164;214;243;194;155;118;73;59;85;2701
"310140 Albertina";186;182;190;258;251;223;231;219;245;204;168;151;157;103;87;62;77;2994
"310150 Além Paraíba";2104;2155;2327;2697;2766;2519;2595;2570;2406;2395;2456;2247;1788;1354;992;763;1105;35239
"310160 Alfenas";4799;4851;5236;6066;6304;6473;6407;6146;5390;5149;5140;4574;3803;2903;2033;1442;1719;78435
"310163 Alfredo Vasconcelos";444;449;495;538;559;509;501;506;481;504;433;344;286;219;171;115;122;6676
"310170 Almenara";2965;2973;3109;3203;3236;3479;3488;3085;2742;2562;2369;1931;1708;1329;1102;857;986;41124
"310180 Alpercata";491;491;554;641;615;541;547;547;512;434;436;382;336;256;225;173;204;7385
"310190 Alpinópolis";1221;1193;1297;1640;1689;1612;1540;1384;1290;1358;1283;1122;961;677;470;363;424;19524
"310200 Alterosa";881;854;947;1084;1067;1074;1072;1011;995;960;956;847;719;603;457;359;421;14307
"310205 Alto Caparaó";409;388;424;485;467;476;465;432;410;363;345;285;242;169;121;97;124;5702
"315350 Alto Jequitibá";529;524;575;668;634;636;629;625;554;552;548;499;440;297;208;175;273;8366
"310210 Alto Rio Doce";617;639;721;856;927;863;800;799;751;833;782;703;600;496;387;302;367;11443
"310220 Alvarenga";266;273;276;291;327;310;311;293;268;244;278;260;207;158;125;93;126;4106
"310230 Alvinópolis";911;909;993;1164;1221;1135;1137;1131;1003;1020;1017;896;740;631;482;376;545;15311
"310240 Alvorada de Minas";366;329;348;337;320;264;238;221;232;208;176;148;141;85;70;57;67;3607
"310250 Amparo do Serra";288;284;305;374;394;320;325;349;329;338;321;298;242;198;154;130;176;4825
"310260 Andradas";2237;2324;2506;2937;3134;3155;3200;3070;2912;2850;2742;2416;2016;1547;1124;832;1074;40076
"310280 Andrelândia";663;677;776;837;913;817;869;952;901;903;904;827;683;548;390;280;339;12279
"310285 Angelândia";759;677;778;878;825;707;654;585;470;440;383;310;266;223;172;127;147;8401
"310290 Antônio Carlos";636;633;749;875;936;893;842;862;882;826;816;670;531;452;330;225;247;11405
"310300 Antônio Dias";692;665;695;807;806;738;677;683;654;645;614;515;399;289;219;182;174;9454
"310310 Antônio Prado de Minas";62;68;92;106;111;106;103;103;107;125;140;110;101;86;72;59;80;1631
"310320 Araçaí";139;140;162;191;177;168;162;157;154;172;171;133;104;102;73;55;67;2327
"310330 Aracitaba";90;94;117;136;155;142;134;141;126;169;160;159;139;104;75;54;78;2073
"310340 Araçuaí";2716;2694;2801;3004;3292;3075;2985;2614;2377;2200;2054;1678;1332;1120;943;773;1040;36698
"310350 Araguari";6731;6905;7580;8538;8823;9247;9105;8992;8303;8384;8000;6777;5537;4372;3205;2376;2645;115520
"310360 Arantina";151;160;182;205;209;164;171;191;204;246;216;190;168;120;85;76;83;2821
"310370 Araponga";591;552;647;737;731;729;721;713;593;506;471;377;314;246;167;138;162;8395
"310375 Araporã";522;522;498;601;623;596;565;539;446;419;320;270;222;196;138;95;101;6673
"310380 Arapuá";145;153;148;177;205;164;186;199;229;244;194;162;171;148;111;93;103;2832
"310390 Araújos";644;651;678;738;726;798;750;662;608;567;527;435;323;253;188;142;184;8874
"310400 Araxá";6073;6226;6726;7819;8442;9069;9161;8282;7086;6869;6535;5970;4880;3422;2454;1734;2005;102753
"310410 Arceburgo";692;734;741;799;866;970;852;752;678;664;601;551;473;343;267;196;244;10423
"310420 Arcos";2175;2291;2427;2855;3027;3213;3418;3195;2830;2846;2756;2390;1896;1429;1004;673;761;39186
"310430 Areado";934;953;962;1044;1176;1210;1175;1125;964;974;961;867;680;546;433;337;380;14721
"310440 Argirita";145;149;156;197;192;224;205;203;176;198;175;189;152;128;111;82;118;2800
"310445 Aricanduva";445;414;424;427;495;403;384;352;298;292;265;253;192;154;122;80;111;5111
"310450 Arinos";1480;1386;1455;1510;1549;1354;1367;1308;1100;1052;1028;881;736;562;438;339;369;17914
"310460 Astolfo Dutra";801;842;857;1048;1138;1161;1096;1067;926;969;935;788;654;517;423;289;383;13894
"310470 Ataléia";898;874;971;1047;1087;973;926;912;866;870;825;771;685;537;457;339;424;13462
"310480 Augusto de Lima";359;346;374;373;416;372;346;345;325;312;316;262;207;173;146;113;143;4928
"310490 Baependi";1067;1107;1272;1378;1512;1439;1435;1362;1277;1292;1347;1188;998;780;571;405;556;18986
"310500 Baldim";502;510;525;557;633;568;558;523;490;542;579;490;395;305;266;199;259;7901
"310510 Bambuí";1135;1200;1377;1697;1801;1821;1734;1625;1673;1807;1807;1580;1265;1006;777;627;680;23612
"310520 Bandeira";315;309;336;346;350;366;346;348;324;355;322;281;243;213;174;111;147;4886
"310530 Bandeira do Sul";340;342;372;474;509;479;437;410;400;386;351;330;244;209;151;104;109;5647
"310540 Barão de Cocais";2158;2143;2230;2665;2717;2825;2777;2516;2146;1958;1950;1721;1305;873;562;429;538;31513
"310550 Barão de Monte Alto";314;318;345;389;429;392;365;351;355;372;397;349;317;256;200;154;231;5534
"310560 Barbacena";7582;7832;8613;10249;10975;10869;10610;10260;9575;9608;9272;8540;6602;4991;3515;2462;2965;134520
"310570 Barra Longa";289;294;298;342;358;332;338;351;367;386;414;401;359;286;215;178;284;5492
"310590 Barroso";1290;1302;1492;1618;1608;1592;1591;1552;1474;1471;1440;1190;915;712;525;366;399;20537
"310600 Bela Vista de Minas";721;719;769;855;781;778;785;756;664;674;680;581;410;349;257;215;240;10234
"310610 Belmiro Braga";225;218;230;257;271;236;210;239;246;271;248;183;153;139;121;85;109;3441
"310620 Belo Horizonte";132440;135428;156803;186802;190975;207470;219719;211646;180481;166302;160051;145119;118624;93530;67148;48136;61001;2481675
"310630 Belo Oriente";1963;1906;1968;2377;2244;2113;2122;2024;1810;1588;1414;1173;964;728;521;373;491;25779
"310640 Belo Vale";414;433;466;548;577;536;582;551;539;561;600;489;421;343;242;185;215;7702
"310650 Berilo";813;819;935;1100;1159;1093;996;893;793;781;660;552;460;348;269;217;235;12123
"310665 Berizal";357;346;365;356;399;416;393;330;289;261;266;239;185;152;111;81;98;4644
"310660 Bertópolis";438;390;357;375;380;335;331;316;281;264;242;196;186;142;142;111;111;4597
"310670 Betim";30809;29648;32041;38336;38430;37728;37591;35456;30081;27118;23736;20268;15066;9798;6295;4277;4469;421147
"310680 Bias Fortes";186;186;223;257;236;223;233;237;275;270;256;241;214;176;123;88;110;3534
"310690 Bicas";793;828;880;1049;1078;1018;1100;964;907;943;1007;927;787;654;492;365;513;14305
"310700 Biquinhas";102;111;139;155;180;182;154;162;178;212;219;183;163;139;118;83;87;2567
"310710 Boa Esperança";2513;2502;2781;3228;3327;3192;3032;2757;2600;2586;2579;2447;1966;1443;1083;774;1027;39837
"310720 Bocaina de Minas";253;250;309;371;402;377;348;390;384;411;395;322;276;195;154;120;136;5093
"310730 Bocaiúva";3639;3550;3920;4237;4418;4506;4038;3729;3219;3111;2826;2369;1841;1368;1027;750;810;49358
"310740 Bom Despacho";2892;2943;3375;3895;4121;4153;3899;3687;3456;3487;3358;2915;2244;1674;1250;914;1013;49276
"310750 Bom Jardim de Minas";356;376;400;473;481;417;427;451;482;485;487;440;369;282;220;179;196;6521
"310760 Bom Jesus da Penha";216;210;276;330;336;308;301;303;295;314;300;271;204;169;123;84;94;4134
"310770 Bom Jesus do Amparo";385;379;422;466;527;507;487;442;341;387;346;316;267;214;168;121;151;5926
"310780 Bom Jesus do Galho";954;970;1000;1085;1142;1085;1080;1092;1043;1042;1057;885;766;631;478;385;468;15163
"310790 Bom Repouso";669;661;740;874;857;843;812;833;790;747;728;622;465;361;250;169;159;10580
"310800 Bom Sucesso";971;955;1122;1271;1339;1284;1259;1348;1275;1199;1242;1169;943;732;538;416;526;17589
"310810 Bonfim";306;319;369;442;459;395;430;508;530;585;528;459;434;364;290;217;257;6892
"310820 Bonfinópolis de Minas";373;366;370;406;449;413;384;394;416;386;388;326;260;238;188;129;161;5647
"310825 Bonito de Minas";1015;945;1024;1051;1047;918;833;661;555;541;463;408;376;287;230;192;220;10766
"310830 Borda da Mata";1020;1064;1181;1327;1419;1480;1465;1311;1296;1287;1319;1218;983;769;591;458;589;18777
"310840 Botelhos";910;893;919;1160;1145;1075;1120;1088;1057;1032;989;959;817;629;459;342;449;15043
"310850 Botumirim";520;503;558;609;618;568;482;417;366;335;352;300;262;193;127;95;109;6414
"310870 Brás Pires";254;256;284;301;362;289;272;295;319;349;329;264;245;206;154;124;155;4458
"310855 Brasilândia de Minas";1397;1309;1410;1536;1555;1411;1328;1150;1014;915;755;639;512;338;257;171;183;15880
"310860 Brasília de Minas";2324;2250;2370;2656;2926;2697;2615;2391;2052;1999;1769;1453;1258;1084;870;682;772;32168
"310880 Braúnas";280;270;335;384;404;355;331;336;330;332;318;270;223;188;171;159;218;4904
"310890 Brazópolis";850;844;903;1080;1147;1023;980;1085;1097;975;950;888;788;661;482;370;487;14610
"310900 Brumadinho";2367;2345;2604;3140;3165;3141;2982;2963;2810;2814;2638;2160;1672;1277;900;612;747;38337
"310910 Bueno Brandão";612;635;649;769;794;781;764;803;841;791;818;717;613;502;368;275;298;11030
"310920 Buenópolis";671;651;707;832;933;930;801;798;697;640;612;518;447;374;305;226;260;10402
"310925 Bugre";279;282;290;297;341;298;282;280;273;275;267;210;189;140;127;107;135;4072
"310930 Buritis";2064;1948;2073;2210;2186;1932;1907;1865;1572;1427;1274;1037;900;702;479;349;375;24300
"310940 Buritizeiro";2395;2245;2395;2503;2532;2456;2327;2148;1796;1552;1381;1228;985;703;497;331;377;27851
"310945 Cabeceira Grande";534;502;540;591;603;490;481;507;489;491;400;350;276;208;148;104;114;6828
"310950 Cabo Verde";865;856;952;1053;1180;1224;1167;1113;1021;969;862;823;606;472;337;260;315;14075
"310960 Cachoeira da Prata";184;190;213;253;267;279;256;288;263;257;266;242;184;157;134;96;112;3641
"310970 Cachoeira de Minas";719;725;747;870;828;800;801;837;780;803;814;714;593;493;361;272;291;11448
"310270 Cachoeira de Pajeú";725;677;734;770;773;695;666;665;590;581;535;484;396;335;260;208;226;9320
"310980 Cachoeira Dourada";193;192;186;212;200;216;187;194;190;183;180;143;97;86;58;50;80;2647
"310990 Caetanópolis";633;650;659;857;958;928;881;768;729;836;849;750;564;419;278;217;257;11233
"311000 Caeté";2746;2809;3030;3455;3379;3384;3540;3435;2999;2888;2917;2526;2032;1558;1146;875;966;43685
"311010 Caiana";389;388;416;461;471;458;416;379;394;344;322;253;215;142;108;91;109;5356
"311020 Cajuri";233;243;258;312;318;300;302;306;256;245;255;270;218;150;137;95;132;4030
"311030 Caldas";782;812;854;944;1042;976;972;977;1001;1061;1099;973;829;676;501;361;429;14289
"311040 Camacho";157;157;191;215;226;243;239;239;224;218;195;185;155;131;90;64;72;3001
"311050 Camanducaia";1366;1364;1516;1765;1829;1677;1708;1661;1525;1465;1363;1229;985;832;559;401;428;21673
"311060 Cambuí";1575;1585;1752;2137;2182;2235;2310;2166;2083;2008;1927;1765;1484;1212;866;671;767;28725
"311070 Cambuquira";743;743;860;1009;1073;976;910;855;810;839;845;824;677;557;376;294;430;12821
"311080 Campanário";241;238;294;339;337;274;255;245;260;252;220;200;158;115;103;79;82;3692
"311090 Campanha";1020;1019;1181;1357;1379;1337;1228;1123;1067;1086;1055;993;805;569;421;307;414;16361
"311100 Campestre";1221;1221;1387;1670;1684;1540;1510;1540;1522;1476;1433;1279;1103;870;631;434;537;21058
"311110 Campina Verde";1050;1080;1151;1309;1441;1455;1436;1476;1437;1500;1515;1335;1025;817;657;475;565;19724
"311115 Campo Azul";284;270;279;322;325;277;265;256;241;216;210;196;187;148;112;92;116;3796
"311120 Campo Belo";3042;3088;3391;3896;3845;4038;4148;4149;3807;3558;3511;3417;2966;2252;1622;1213;1593;53536
"311130 Campo do Meio";723;706;796;872;902;836;840;840;806;824;785;820;635;448;317;234;281;11665
"311140 Campo Florido";606;585;648;751;707;649;670;614;529;436;421;344;234;212;138;113;123;7780
"311150 Campos Altos";1089;1063;1180;1280;1273;1294;1301;1166;1073;966;841;738;644;435;312;238;249;15142
"311160 Campos Gerais";1892;1814;2045;2354;2318;2073;2089;2160;2109;1994;1848;1640;1331;1008;773;510;602;28560
"311190 Cana Verde";306;308;383;388;399;422;442;405;399;346;367;383;337;256;184;135;172;5632
"311170 Canaã";254;252;264;310;366;370;378;359;328;321;297;280;232;185;145;111;159;4611
"311180 Canápolis";747;759;772;973;1002;1094;1022;969;838;786;756;604;497;374;290;192;241;11916
"311200 Candeias";723;725;861;1055;1085;1138;1130;1117;1075;1099;1035;984;874;656;478;355;488;14878
"311205 Cantagalo";381;359;338;344;406;413;338;311;266;229;214;195;182;146;110;89;123;4444
"311210 Caparaó";399;376;467;550;469;472;443;407;371;358;274;250;196;139;88;61;75;5395
"311220 Capela Nova";249;259;301;338;324;318;323;327;318;377;368;292;263;195;156;121;185;4714
"311230 Capelinha";3168;2934;3145;3623;3576;3482;3168;2787;2366;2044;1820;1516;1201;843;645;471;487;37276
"311240 Capetinga";461;447;509;564;576;534;554;521;442;437;380;375;346;301;209;164;196;7016
"311250 Capim Branco";582;569;677;782;821;785;757;740;612;600;623;546;452;300;242;185;253;9526
"311260 Capinópolis";1057;1092;1138;1201;1273;1271;1195;1210;1135;1132;1051;856;688;544;448;327;362;15980
"311265 Capitão Andrade";446;437;402;385;398;410;392;369;332;323;332;278;237;185;151;109;137;5323
"311270 Capitão Enéas";1251;1189;1335;1454;1533;1342;1167;1018;893;862;744;635;472;360;281;232;220;14988
"311280 Capitólio";487;497;558;635;629;607;632;639;671;613;624;532;445;357;221;155;234;8536
"311290 Caputira";696;677;722;761;727;704;682;676;624;589;560;482;394;299;243;186;243;9265
"311300 Caraí";2132;2013;2074;2069;2012;1890;1725;1467;1251;1250;1141;1004;947;721;587;505;598;23386
"311310 Caranaíba";185;190;217;248;256;229;225;221;235;231;241;195;171;121;96;81;94;3236
"311320 Carandaí";1487;1511;1745;1959;2128;2019;1929;1868;1721;1772;1730;1515;1181;883;609;416;501;24974
"311330 Carangola";1929;1928;2152;2578;2614;2491;2475;2391;2213;2196;2222;2028;1719;1368;944;721;995;32964
"311340 Caratinga";6075;6029;6663;7356;7230;7334;7331;7041;6331;5924;5402;4711;4014;2958;2211;1723;2067;90400
"311350 Carbonita";643;624;677;774;904;796;761;689;608;617;585;443;356;289;221;176;213;9376
"311360 Careaçu";457;447;500;529;501;464;495;475;479;456;398;381;313;253;183;138;178;6647
"311370 Carlos Chagas";1207;1216;1299;1478;1585;1574;1466;1382;1287;1260;1177;1084;920;748;600;460;608;19351
"311380 Carmésia";185;185;205;215;195;191;173;180;184;161;175;132;124;92;73;56;61;2587
"311390 Carmo da Cachoeira";911;872;912;1028;1059;951;912;823;794;782;772;658;528;408;274;206;242;12132
"311400 Carmo da Mata";632;634;773;915;900;828;860;875;809;826;764;660;532;430;333;258;335;11364
"311410 Carmo de Minas";1095;1044;1099;1289;1251;1151;1137;1075;982;913;865;757;633;451;319;231;293;14585
"311420 Carmo do Cajuru";1423;1408;1510;1872;1814;1714;1690;1690;1614;1542;1436;1196;893;722;517;359;405;21805
"311430 Carmo do Paranaíba";1716;1757;1946;2280;2402;2215;2247;2263;2255;2211;2131;1885;1527;1179;897;626;777;30314
"311440 Carmo do Rio Claro";1273;1294;1362;1544;1656;1610;1623;1672;1539;1440;1488;1268;1034;793;567;432;494;21089
"311450 Carmópolis de Minas";1117;1105;1332;1555;1538;1568;1493;1421;1368;1344;1213;1048;782;630;436;358;408;18716
"311455 Carneirinho";590;588;663;732;759;813;826;800;753;677;624;550;458;382;270;183;236;9904
"311460 Carrancas";246;242;262;288;331;289;281;265;254;273;298;263;231;171;125;106;113;4038
"311470 Carvalhópolis";218;211;229;288;246;236;242;226;220;256;237;222;200;160;112;84;135;3522
"311480 Carvalhos";191;204;251;314;366;347;310;306;302;368;382;309;263;204;153;113;147;4530
"311490 Casa Grande";129;126;154;187;179;160;185;181;179;168;140;118;92;92;68;52;56;2266
"311500 Cascalho Rico";193;187;176;219;200;195;191;227;236;237;222;188;146;131;122;76;76;3022
"311510 Cássia";1065;1074;1233;1329;1438;1300;1274;1234;1205;1150;1146;1129;985;770;541;395;469;17737
"311530 Cataguases";3947;4087;4507;5293;5678;5817;5734;5543;5191;5193;5266;4744;3841;2948;2245;1660;2119;73813
"311535 Catas Altas";362;347;390;462;444;416;388;439;390;364;317;273;203;158;112;78;92;5235
"311540 Catas Altas da Noruega";230;227;255;299;320;312;309;278;245;230;200;180;151;123;99;66;80;3604
"311545 Catuji";578;552;576;588;584;528;482;446;384;358;323;282;234;181;134;109;138;6477
"311547 Catuti";350;342;362;405;472;412;367;349;339;349;329;259;216;167;137;104;95;5054
"311550 Caxambu";1236;1273;1376;1546;1658;1498;1594;1543;1475;1474;1494;1447;1236;960;755;536;699;21800
"311560 Cedro do Abaeté";63;59;75;91;83;76;80;74;94;74;82;78;73;56;43;44;41;1186
"311570 Central de Minas";417;440;486;507;518;489;489;519;501;490;494;427;351;265;223;172;200;6988
"311580 Centralina";653;667;687;808;796;813;748;750;709;702;678;616;510;419;334;255;287;10432
"311590 Chácara";148;140;184;248;243;199;189;197;203;246;256;220;179;129;102;84;87;3054
"311600 Chalé";355;336;383;451;439;445;450;431;397;365;366;324;301;213;156;122;184;5718
"311610 Chapada do Norte";1265;1237;1414;1494;1537;1479;1296;1057;902;818;713;582;508;389;282;210;209;15392
"311615 Chapada Gaúcha";1288;1152;1187;1264;1320;1322;1160;848;659;552;492;421;383;258;210;145;160;12821
"311620 Chiador";180;178;193;219;187;208;172;182;175;183;196;164;144;118;95;64;77;2735
"311630 Cipotânea";377;377;442;542;593;612;536;489;438;441;466;359;264;240;203;160;209;6748
"311640 Claraval";348;342;357;379;394;385;370;333;308;281;282;281;236;179;127;87;76;4765
"311650 Claro dos Poções";488;491;504;568;641;627;552;551;553;526;473;409;353;290;241;193;209;7669
"311660 Cláudio";1868;1820;2053;2332;2381;2426;2393;2304;2016;1812;1664;1379;1103;804;567;425;509;27856
"311670 Coimbra";436;439;522;603;570;521;552;563;502;526;513;450;353;290;203;150;244;7437
"311680 Coluna";691;662;714;790;780;766;659;662;575;543;450;417;363;275;246;185;197;8975
"311690 Comendador Gomes";222;229;216;226;233;259;273;230;205;189;225;178;123;95;72;50;59;3084
"311700 Comercinho";514;527;555;577;633;534;518;505;452;460;420;372;343;297;265;189;256;7417
"311710 Conceição da Aparecida";706;723;758;751;762;802;779;757;696;683;631;567;474;373;265;189;282;10198
"311520 Conceição da Barra de Minas";211;216;264;330;316;312;303;314;293;302;268;215;174;153;115;89;102;3977
"311730 Conceição das Alagoas";2089;2045;2184;2496;2418;2550;2437;2065;1769;1576;1377;1089;828;590;398;267;295;26473
"311720 Conceição das Pedras";143;143;163;199;201;212;225;212;219;224;200;171;147;110;87;60;92;2808
"311740 Conceição de Ipanema";293;298;302;295;316;308;329;331;353;355;314;268;220;172;147;124;138;4563
"311750 Conceição do Mato Dentro";1354;1295;1409;1503;1648;1465;1312;1197;1074;1061;1006;868;736;563;450;349;494;17784
"311760 Conceição do Pará";340;340;367;390;402;407;414;405;377;377;358;310;266;219;172;124;158;5426
"311770 Conceição do Rio Verde";959;921;997;1142;1096;1014;986;919;870;878;835;771;630;476;388;295;316;13493
"311780 Conceição dos Ouros";796;795;825;940;944;918;883;813;810;785;697;619;477;367;252;179;195;11295
"311783 Cônego Marinho";567;546;643;666;696;631;573;491;450;400;367;335;291;289;220;153;214;7532
"311787 Confins";387;380;452;573;595;529;512;529;518;443;421;349;276;181;144;106;115;6510
"311790 Congonhal";621;617;716;833;858;852;920;882;877;855;811;745;598;470;353;242;286;11536
"311800 Congonhas";3432;3462;3661;4380;4717;4655;4713;4186;3524;3546;3405;2967;2209;1573;1036;739;841;53046
"311810 Congonhas do Norte";358;340;399;431;464;380;360;356;328;290;274;238;221;192;151;117;144;5043
"311820 Conquista";419;417;483;517;571;536;562;503;464;444;449;397;334;270;189;119;171;6845
"311830 Conselheiro Lafaiete";7420;7591;8325;9656;10241;10939;11046;10029;8430;8118;8246;7551;5972;4366;3002;2032;2438;125402
"311840 Conselheiro Pena";1565;1575;1662;1852;1802;1684;1609;1585;1545;1518;1411;1264;1090;871;669;502;630;22834
"311850 Consolação";103;103;115;134;139;120;107;123;113;130;129;113;91;86;64;52;57;1779
"311860 Contagem";40617;40559;45225;53291;54378;56431;58853;56396;48431;43648;39087;34274;26865;19492;13096;8784;8936;648363
"311870 Coqueiral";552;548;646;753;741;698;661;620;629;608;627;583;492;366;249;224;259;9256
"311880 Coração de Jesus";2031;1943;1905;2144;2352;2239;2125;1923;1667;1679;1571;1301;1064;871;687;501;569;26572
"311890 Cordisburgo";465;471;525;594;706;723;680;666;617;632;588;543;486;371;297;235;271;8870
"311900 Cordislândia";258;251;255;290;289;255;260;230;238;231;225;203;167;136;100;66;71;3525
"311910 Corinto";1544;1556;1716;1889;1882;1798;1787;1688;1569;1554;1591;1450;1208;868;657;531;643;23931
"311920 Coroaci";613;600;727;874;866;789;766;692;685;632;588;578;459;349;334;264;325;10141
"311930 Coromandel";1612;1595;1780;2092;2154;2091;2100;2071;2096;2167;2015;1724;1444;1101;807;558;592;27999
"311940 Coronel Fabriciano";6920;6996;7705;8829;8745;8970;9061;8497;7499;7206;6853;6211;4886;3547;2511;1900;2154;108490
"311950 Coronel Murta";624;609;682;749;810;763;761;657;570;539;536;507;393;301;245;210;286;9242
"311960 Coronel Pacheco";158;165;186;220;233;232;226;232;200;232;242;205;157;127;97;67;91;3070
"311970 Coronel Xavier Chaves";222;230;223;237;269;234;240;274;245;229;252;197;152;142;101;80;84;3411
"311980 Córrego Danta";161;166;218;221;211;212;213;209;238;233;258;228;192;174;147;100;111;3292
"311990 Córrego do Bom Jesus";172;184;193;217;245;267;213;251;247;270;278;266;246;228;172;134;151;3734
"311995 Córrego Fundo";337;337;418;470;501;479;535;543;472;451;429;338;284;203;151;126;121;6195
"312000 Córrego Novo";206;207;215;198;220;219;214;215;185;184;200;173;143;118;71;53;82;2903
"312010 Couto de Magalhães de Minas";301;302;299;365;404;361;311;304;289;285;269;228;184;145;114;92;116;4369
"312015 Crisólita";562;498;522;587;621;528;488;462;400;385;323;271;208;203;167;149;155;6529
"312020 Cristais";847;850;882;958;934;1031;1039;968;858;765;727;650;555;433;328;259;295;12379
"312030 Cristália";571;527;613;659;621;565;474;373;320;286;236;191;151;125;87;56;82;5937
"312040 Cristiano Otoni";356;354;414;433;438;397;395;435;341;340;311;260;215;163;109;88;85;5134
"312050 Cristina";598;608;670;774;812;819;752;743;745;755;728;606;476;405;313;221;267;10292
"312060 Crucilândia";283;293;331;363;349;327;377;360;361;390;353;303;257;202;149;119;156;4973
"312070 Cruzeiro da Fortaleza";319;312;319;351;349;312;288;269;293;288;246;196;169;126;92;76;98;4103
"312080 Cruzília";858;848;1009;1252;1332;1170;1094;987;1018;1091;1053;959;761;594;450;360;402;15238
"312083 Cuparaque";368;372;370;394;394;384;367;352;339;325;305;263;204;165;113;87;111;4913
"312087 Curral de Dentro";637;571;654;692;678;642;571;526;437;421;366;337;292;233;184;123;144;7508
"312090 Curvelo";4967;4982;5690;6410;6757;6583;6267;5742;5343;5315;5017;4202;3353;2618;1965;1493;1897;78601
"312100 Datas";395;387;406;453;501;443;383;353;347;368;335;297;216;151;124;96;122;5377
"312110 Delfim Moreira";469;484;539;681;642;580;576;536;584;642;631;500;414;272;193;141;170;8054
"312120 Delfinópolis";447;438;485;556;601;501;527;529;539;504;473;412;343;251;184;127;147;7064
"312125 Delta";877;871;895;913;901;1057;984;866;636;498;362;301;224;157;118;69;68;9797
"312130 Descoberto";293;289;321;384;414;381;417;343;298;330;320;293;269;195;141;115;160;4963
"312140 Desterro de Entre Rios";373;402;429;479;542;530;537;494;496;512;528;460;367;328;275;207;248;7207
"312150 Desterro do Melo";160;158;163;192;225;223;207;228;216;223;216;190;155;132;96;69;102;2955
"312160 Diamantina";3075;3100;3474;4025;4453;4529;4062;3539;3072;2974;2857;2270;1754;1337;1019;816;1046;47402
"312170 Diogo de Vasconcelos";237;222;267;282;319;278;223;245;266;265;227;234;195;164;129;106;181;3840
"312180 Dionísio";436;441;504;573;628;602;639;576;578;573;575;485;397;350;267;199;281;8104
"312190 Divinésia";238;243;236;238;267;250;260;230;212;231;246;230;165;108;75;70;98;3397
"312200 Divino";1440;1379;1602;1645;1597;1519;1462;1417;1331;1295;1243;1056;916;626;466;346;448;19788
"312210 Divino das Laranjeiras";338;362;349;355;382;339;336;320;332;364;314;281;252;197;180;123;171;4995
"312220 Divinolândia de Minas";541;531;562;629;742;659;561;475;418;444;441;359;310;232;182;150;201;7437
"312230 Divinópolis";12886;13330;14938;17681;18606;19698;19693;19179;17067;16200;15903;13779;10675;7999;5449;3927;4388;231398
"312235 Divisa Alegre";570;530;634;610;596;573;518;462;397;358;331;243;206;184;126;94;100;6532
"312240 Divisa Nova";443;432;435;491;506;477;415;417;393;347;366;321;268;212;156;134;152;5965
"312245 Divisópolis";769;763;778;870;949;931;888;757;657;638;580;435;399;339;246;189;228;10416
"312247 Dom Bosco";244;236;279;301;334;277;274;268;251;273;261;204;187;123;91;71;69;3743
"312250 Dom Cavati";293;297;346;392;376;355;334;349;323;332;329;316;282;256;199;165;203;5147
"312260 Dom Joaquim";315;294;328;365;387;343;314;308;291;267;281;232;215;176;132;115;152;4515
"312270 Dom Silvério";238;252;273;342;362;323;350;360;365;405;413;358;285;248;232;188;261;5255
"312280 Dom Viçoso";162;165;171;218;225;199;215;227;230;229;231;212;168;120;92;81;72;3017
"312290 Dona Eusébia";383;379;442;524;550;507;491;464;454;470;458;378;277;212;155;117;163;6424
"312300 Dores de Campos";573;590;665;761;840;742;748;729;709;754;755;614;469;375;258;167;185;9934
"312310 Dores de Guanhães";342;325;400;407;441;391;352;365;350;367;347;277;233;177;143;147;153;5217
"312320 Dores do Indaiá";675;697;837;964;1009;854;867;916;977;1000;1036;891;770;655;528;449;534;13659
"312330 Dores do Turvo";211;208;290;319;360;317;278;311;308;303;325;292;235;194;156;112;131;4350
"312340 Doresópolis";99;103;105;105;123;107;112;105;130;103;90;89;73;65;41;23;35;1508
"312350 Douradoquara";110;113;120;115;138;152;130;133;156;147;140;103;104;91;64;40;42;1898
"312352 Durandé";600;561;634;710;679;644;642;580;505;464;438;383;283;208;144;131;145;7751
"312360 Elói Mendes";1870;1856;2022;2237;2227;2087;2077;2016;1793;1732;1755;1563;1295;1001;717;499;561;27308
"312370 Engenheiro Caldas";789;772;879;1001;929;867;784;782;685;705;652;544;441;355;264;204;268;10921
"312380 Engenheiro Navarro";537;514;504;593;619;571;569;545;481;465;435;392;299;249;189;135;149;7246
"312385 Entre Folhas";334;323;371;411;400;408;387;397;371;343;363;280;261;202;153;140;170;5314
"312390 Entre Rios de Minas";863;875;960;1137;1173;1143;1171;1196;1069;1091;992;864;723;596;469;334;388;15044
"312400 Ervália";1214;1194;1322;1432;1529;1614;1551;1436;1293;1192;1128;1027;841;632;454;359;478;18696
"312410 Esmeraldas";5178;4870;5389;6334;6336;5346;4855;4924;4637;4492;4106;3551;2751;1909;1374;1004;1024;68080
"312420 Espera Feliz";1634;1602;1817;2072;2015;1949;1976;1840;1636;1573;1507;1395;1135;799;577;393;493;24413
"312430 Espinosa";2263;2218;2334;2495;2830;2862;2694;2214;1935;1847;1737;1555;1307;1053;834;637;824;31639
"312440 Espírito Santo do Dourado";245;250;277;347;357;332;327;325;342;358;338;289;252;207;154;109;124;4633
"312450 Estiva";623;631;706;852;863;894;883;828;815;838;775;695;559;441;343;248;261;11255
"312460 Estrela Dalva";139;141;148;153;203;176;158;147;159;164;159;172;128;114;89;64;84;2398
"312470 Estrela do Indaiá";178;185;210;246;239;227;232;237;261;267;261;250;194;177;143;99;120;3526
"312480 Estrela do Sul";475;484;545;653;645;640;624;589;513;546;562;438;349;263;194;157;174;7851
"312490 Eugenópolis";668;673;709;778;799;880;871;854;771;731;744;670;546;471;326;236;374;11101
"312500 Ewbank da Câmara";266;269;289;341;347;322;285;275;269;274;260;201;158;115;84;61;68;3884
"312510 Extrema";2219;2199;2409;2870;2933;3146;3036;2748;2293;2127;1920;1729;1373;1057;795;540;553;33947
"312520 Fama";115;116;142;145;152;167;140;153;167;201;186;184;163;109;95;60;87;2382
"312530 Faria Lemos";223;216;233;243;257;237;195;216;214;206;220;207;177;139;102;87;132;3304
"312540 Felício dos Santos";346;341;365;408;452;340;336;324;304;349;322;242;191;165;146;119;158;4908
"312560 Felisburgo";518;521;543;622;640;557;463;468;455;475;446;348;308;296;249;185;217;7311
"312570 Felixlândia";977;949;1061;1183;1217;1202;1081;1108;1041;1009;994;861;730;557;396;302;361;15029
"312580 Fernandes Tourinho";195;206;222;254;296;248;238;217;229;215;236;188;161;112;107;82;114;3320
"312590 Ferros";635;616;675;765;770;684;690;704;729;724;748;554;498;390;318;312;398;10210
"312595 Fervedouro";862;827;907;976;940;881;876;834;708;662;579;531;399;316;218;162;178;10856
"312600 Florestal";387;393;493;579;646;603;527;526;507;506;492;423;322;275;220;158;177;7234
"312610 Formiga";3368;3506;4129;4862;5230;5428;5465;5187;4780;4944;4823;4231;3514;2605;2000;1457;1719;67248
"312620 Formoso";810;764;736;773;950;842;764;680;547;492;473;388;297;229;160;120;141;9166
"312630 Fortaleza de Minas";278;268;307;357;338;341;329;299;280;299;286;283;213;162;125;87;83;4335
"312640 Fortuna de Minas";193;188;202;244;229;234;218;210;218;185;183;145;123;96;87;61;70;2886
"312650 Francisco Badaró";530;540;754;822;889;1025;951;740;642;615;587;520;463;382;322;247;336;10365
"312660 Francisco Dumont";426;396;388;434;464;412;403;380;339;286;276;238;206;170;102;87;124;5131
"312670 Francisco Sá";1907;1847;1959;2244;2350;2214;2105;1883;1591;1625;1503;1194;1041;898;643;480;502;25986
"312675 Franciscópolis";431;384;442;477;489;447;392;392;339;330;301;289;254;182;151;102;155;5557
"312680 Frei Gaspar";499;453;471;477;507;460;445;412;352;358;329;258;224;181;161;130;197;5914
"312690 Frei Inocêncio";708;684;768;822;814;710;663;662;662;625;557;454;364;283;245;197;224;9442
"312695 Frei Lagonegro";266;253;296;300;292;301;290;275;233;194;163;150;135;90;75;68;69;3450
"312700 Fronteira";1364;1369;1298;1407;1449;1531;1526;1377;1104;1021;850;751;614;470;324;213;215;16883
"312705 Fronteira dos Vales";330;329;335;344;378;309;345;324;293;284;279;237;217;201;172;126;139;4642
"312707 Fruta de Leite";533;499;499;498;476;415;407;341;274;261;258;250;243;215;148;136;134;5587
"312710 Frutal";3572;3706;3888;4362;4764;5128;4986;4645;4046;3843;3698;3162;2521;1948;1424;1026;1159;57878
"312720 Funilândia";305;291;317;338;331;316;303;304;282;294;274;244;166;147;116;88;97;4213
"312730 Galiléia";455;440;509;581;552;446;463;507;487;480;439;403;340;275;218;135;171;6901
"312733 Gameleiras";370;369;336;386;484;430;385;375;325;313;320;299;216;198;147;84;111;5148
"312735 Glaucilândia";216;213;221;262;237;240;241;226;220;197;182;149;138;118;100;72;75;3107
"312737 Goiabeira";242;236;223;234;268;235;234;229;222;223;210;202;148;130;85;67;87;3275
"312738 Goianá";213;222;241;260;273;278;233;281;247;304;317;243;233;174;126;101;143;3889
"312740 Gonçalves";245;240;262;349;313;306;281;319;323;341;336;276;225;189;145;98;85;4333
"312750 Gonzaga";465;448;492;563;560;498;471;400;353;371;349;311;267;188;144;106;131;6117
"312760 Gouveia";692;705;773;942;1018;1050;973;823;770;806;748;673;564;442;308;238;323;11848
"312770 Governador Valadares";18307;18622;20569;23040;22471;22327;22326;21231;18600;18272;16803;14489;11900;9226;6876;5119;6067;276245
"312780 Grão Mogol";1233;1153;1322;1520;1553;1440;1270;1118;940;889;798;644;537;434;313;218;282;15664
"312790 Grupiara";84;85;83;90;89;100;105;96;114;105;99;86;71;50;53;40;41;1391
"312800 Guanhães";2143;2076;2500;3004;3175;2898;2696;2593;2212;2073;1907;1684;1363;1034;819;599;747;33523
"312810 Guapé";857;835;979;1108;1125;1087;1033;1065;1016;1028;972;892;698;536;379;268;329;14207
"312820 Guaraciaba";549;559;665;748;688;829;828;729;691;688;692;697;550;432;350;282;375;10352
"312825 Guaraciama";362;355;320;372;417;424;402;392;321;328;300;258;207;164;123;88;85;4918
"312830 Guaranésia";1096;1085;1194;1595;1618;1586;1553;1416;1325;1267;1262;1108;912;693;487;371;465;19033
"312840 Guarani";510;520;559;647;731;713;665;569;590;634;623;552;434;348;273;212;307;8887
"312850 Guarará";227;228;270;299;324;279;285;298;235;252;267;225;199;154;114;84;122;3862
"312860 Guarda-Mor";481;457;472;563;570;531;465;469;502;492;436;345;259;209;153;111;99;6614
"312870 Guaxupé";2869;2923;3264;3819;4102;4182;4124;3851;3599;3539;3514;3243;2641;2005;1440;1016;1279;51410
"312880 Guidoval";405;409;441;524;590;517;513;511;479;511;524;471;369;278;217;159;243;7161
"312890 Guimarânia";499;517;605;642;667;587;574;530;532;533;496;431;354;291;236;163;177;7834
"312900 Guiricema";450;457;507;598;611;622;645;606;573;612;635;581;486;384;278;216;283;8544
"312910 Gurinhatã";312;312;316;385;376;311;330;423;449;464;454;388;370;307;248;199;191;5835
"312920 Heliodora";414;409;405;476;509;480;475;464;434;454;455;402;355;262;189;119;152;6454
"312930 Iapu";698;693;752;902;911;797;806;773;746;761;688;554;492;382;306;229;290;10780
"312940 Ibertioga";327;338;319;386;427;364;342;383;385;375;347;285;230;189;159;99;101;5056
"312950 Ibiá";1583;1569;1647;1967;2017;2085;2098;1996;1723;1602;1653;1493;1098;770;554;402;443;24700
"312960 Ibiaí";681;629;631;707;773;713;692;617;493;454;452;393;311;251;160;141;165;8263
"312965 Ibiracatu";463;439;475;560;568;525;475;407;311;365;312;292;216;196;161;121;160;6046
"312970 Ibiraci";1032;970;961;1102;1209;1172;1097;1008;914;829;733;677;557;410;287;208;212;13378
"312980 Ibirité";13449;12721;13951;16681;16331;15516;14819;14558;12631;11195;9431;7946;5890;3950;2541;1675;1609;174894
"312990 Ibitiúra de Minas";174;179;238;270;265;268;251;250;249;252;230;215;201;152;104;87;89;3474
"313000 Ibituruna";199;188;237;236;234;227;196;217;219;186;181;168;142;113;90;64;70;2967
"313005 Icaraí de Minas";976;921;986;1061;1198;1191;1097;854;661;547;503;414;366;287;221;166;205;11654
"313010 Igarapé";2956;2801;3097;3550;3501;3414;3315;3224;2959;2621;2387;2054;1557;1166;868;575;577;40622
"313020 Igaratinga";717;729;827;928;959;948;860;812;730;638;615;475;388;295;195;139;147;10402
"313030 Iguatama";398;414;444;509;640;696;633;564;553;590;624;553;467;335;251;171;179;8021
"313040 Ijaci";393;398;482;543;555;495;512;488;431;439;397;327;282;218;155;111;137;6363
"313050 Ilicínea";814;798;886;1053;1049;959;930;846;806;801;764;658;589;414;296;235;260;12158
"313055 Imbé de Minas";512;480;535;545;551;539;503;515;502;433;397;346;288;213;164;126;138;6787
"313060 Inconfidentes";375;382;437;571;558;542;551;592;586;542;530;449;354;279;203;124;159;7234
"313065 Indaiabira";516;483;549;689;689;584;554;495;446;442;442;371;320;266;209;153;180;7388
"313070 Indianópolis";487;470;510;572;595;575;540;520;491;432;425;321;249;187;138;99;92;6703
"313080 Ingaí";164;164;176;229;229;201;195;206;212;211;189;161;123;101;73;53;51;2738
"313090 Inhapim";1489;1495;1688;1881;1906;1743;1745;1803;1742;1692;1656;1358;1193;909;696;582;755;24333
"313100 Inhaúma";352;350;469;550;538;516;506;471;403;384;374;366;287;204;148;98;125;6141
"313110 Inimutaba";463;464;515;630;658;600;573;535;475;468;454;402;328;261;209;144;192;7371
"313115 Ipaba";1440;1368;1498;1675;1695;1583;1396;1414;1180;1061;924;800;673;462;353;271;303;18096
"313120 Ipanema";1213;1214;1339;1423;1480;1458;1485;1454;1339;1308;1198;1098;978;795;582;453;609;19426
"313130 Ipatinga";16111;16562;18001;20327;20681;22143;22722;21322;17966;16494;15471;14717;12392;8542;5504;3894;4294;257143
"313140 Ipiaçu";242;243;271;300;342;334;314;325;269;289;288;237;203;178;152;110;112;4209
"313150 Ipuiúna";564;581;669;730;799;780;738;762;760;786;714;617;475;357;282;171;171;9956
"313160 Iraí de Minas";512;502;504;575;578;523;543;498;490;491;402;355;276;205;176;115;113;6858
"313170 Itabira";7289;7452;7902;9129;9549;9930;9977;9758;8459;8039;7616;6436;5080;3769;2692;1954;2379;117410
"313180 Itabirinha";801;790;793;898;848;910;947;943;807;678;659;567;483;379;298;225;286;11312
"313190 Itabirito";3210;3259;3502;4052;4144;4412;4348;4122;3524;3195;3110;2709;2114;1582;1062;763;972;50080
"313200 Itacambira";338;333;400;463;482;480;469;430;327;323;283;248;201;178;150;92;91;5288
"313210 Itacarambi";1658;1545;1584;1789;1742;1554;1304;1247;1045;1023;864;696;574;468;396;291;339;18119
"313220 Itaguara";745;745;847;1015;1032;1001;1013;1045;981;927;888;748;638;466;375;289;359;13114
"313230 Itaipé";1175;1065;1209;1259;1144;1116;1014;915;754;621;491;447;379;285;245;182;220;12521
"313240 Itajubá";5635;5750;6266;7387;7844;8180;7924;7243;6482;6318;6321;5686;4495;3426;2371;1792;2292;95412
"313250 Itamarandiba";2794;2626;2914;3171;3224;3125;2881;2512;2105;1858;1745;1407;1117;881;703;469;571;34103
"313260 Itamarati de Minas";197;200;217;285;351;379;332;305;289;351;329;280;238;177;125;106;129;4290
"313270 Itambacuri";1804;1732;1844;2026;1988;1872;1707;1580;1348;1296;1318;1128;884;736;628;559;766;23216
"313280 Itambé do Mato Dentro";126;132;128;145;167;147;141;149;145;156;170;144;115;89;77;56;73;2160
"313290 Itamogi";541;561;649;757;844;807;782;726;673;674;764;728;594;413;296;225;269;10303
"313300 Itamonte";948;958;1032;1167;1244;1258;1255;1211;1052;1002;1019;864;719;517;345;246;319;15156
"313310 Itanhandu";947;968;1019;1089;1241;1158;1205;1147;1066;1041;1055;877;685;547;396;267;336;15044
"313320 Itanhomi";839;861;833;915;946;952;875;790;831;837;804;639;574;471;382;276;354;12179
"313330 Itaobim";1542;1494;1591;1772;1752;1671;1616;1534;1275;1248;1224;1045;886;769;642;486;619;21166
"313340 Itapagipe";741;726;839;1066;1161;1387;1423;1249;1172;1082;967;822;649;496;407;298;329;14814
"313350 Itapecerica";1136;1173;1246;1437;1601;1619;1532;1521;1554;1595;1516;1382;1238;1032;806;589;787;21764
"313360 Itapeva";587;585;647;739;765;789;780;731;668;626;587;514;471;376;260;172;178;9475
"313370 Itatiaiuçu";750;736;770;959;960;859;814;834;784;703;657;554;467;358;272;173;164;10814
"313375 Itaú de Minas";882;915;1054;1187;1271;1298;1191;1101;1032;1148;1158;1043;798;620;445;333;347;15823
"313380 Itaúna";5187;5271;5961;7160;7567;7674;7632;7296;6529;6450;6273;5438;4238;3122;2164;1486;1784;91232
"313390 Itaverava";352;355;425;436;459;427;403;404;366;383;360;333;267;192;157;110;146;5575
"313400 Itinga";1169;1112;1237;1360;1268;1224;1138;1006;904;808;739;646;586;519;411;330;431;14888
"313410 Itueta";338;344;419;464;478;412;393;459;422;422;425;364;320;248;201;139;166;6014
"313420 Ituiutaba";5951;6239;6564;7695;8216;8414;7914;7828;7305;7165;6593;5793;4832;3979;3091;2402;2857;102838
"313430 Itumirim";352;346;386;459;493;469;454;462;417;419;420;367;316;244;187;138;168;6097
"313440 Iturama";2343;2376;2778;3248;3269;3350;3273;3059;2791;2601;2327;1857;1494;1128;799;568;663;37924
"313450 Itutinga";211;210;239;281;306;308;260;258;278;308;295;256;216;141;123;82;79;3851
"313460 Jaboticatubas";1203;1188;1270;1517;1462;1381;1413;1397;1370;1363;1288;1135;995;733;595;450;519;19279
"313470 Jacinto";921;905;874;884;932;884;897;812;802;804;748;649;584;499;428;310;403;12336
"313480 Jacuí";459;451;514;588;554;553;579;555;503;499;500;486;461;337;240;172;220;7671
"313490 Jacutinga";1677;1677;1781;1916;2037;2125;2071;1966;1821;1698;1575;1368;1067;803;536;423;543;25084
"313500 Jaguaraçu";191;196;225;230;251;241;250;224;203;202;200;201;159;117;82;56;77;3105
"313505 Jaíba";3539;3332;3387;3652;3788;3558;3419;2722;2091;1913;1543;1297;1066;806;588;367;336;37404
"313507 Jampruca";423;410;404;468;464;405;364;348;344;326;313;279;211;170;130;113;153;5325
"313510 Janaúba";5274;5099;5630;6286;6510;6356;6091;5491;4563;4213;3745;3131;2489;1963;1429;1032;1186;70488
"313520 Januária";5615;5426;5408;5810;6101;5758;5378;4602;3788;3620;3682;3178;2590;2102;1604;1176;1559;67397
"313530 Japaraíba";311;314;341;355;340;361;354;342;303;278;252;193;175;130;77;53;62;4241
"313535 Japonvar";596;554;632;753;861;791;699;569;499;495;447;425;354;296;216;167;176;8530
"313540 Jeceaba";274;278;322;389;355;379;391;379;389;381;374;332;256;199;149;114;137;5098
"313545 Jenipapo de Minas";563;543;689;701;770;782;692;524;447;380;351;286;220;200;148;115;138;7549
"313550 Jequeri";775;773;817;930;978;929;924;966;850;849;805;737;630;530;399;315;403;12610
"313560 Jequitaí";506;491;527;617;698;636;582;522;508;518;493;436;360;266;207;164;199;7730
"313570 Jequitibá";317;309;329;370;431;434;364;378;396;361;331;281;251;216;155;130;171;5224
"313580 Jequitinhonha";2006;1958;2062;2089;1946;1821;1810;1727;1541;1502;1396;1241;1043;880;749;595;763;25129
"313590 Jesuânia";234;240;306;368;398;364;353;379;351;328;347;311;258;199;154;97;122;4809
"313600 Joaíma";1329;1265;1282;1281;1289;1158;1048;981;915;896;813;700;609;569;452;352;424;15363
"313610 Joanésia";258;260;303;394;360;304;294;313;345;361;346;319;260;218;186;155;202;4878
"313620 João Monlevade";4526;4719;5225;6120;6023;6172;6281;6050;5315;5392;5525;4795;3729;2995;2140;1496;1820;78323
"313630 João Pinheiro";3447;3356;3728;4300;4423;4126;3912;3549;3349;3139;2788;2248;1785;1386;993;692;746;47967
"313640 Joaquim Felício";305;311;316;338;388;389;350;325;269;287;286;236;215;210;150;98;122;4595
"313650 Jordânia";727;719;837;867;993;887;777;731;635;627;642;520;479;397;320;270;288;10716
"313652 José Gonçalves de Minas";403;364;365;448;479;473;415;368;273;239;178;151;136;93;65;43;52;4545
"313655 José Raydan";343;332;369;403;421;388;379;338;312;291;283;190;212;174;130;122;135;4822
"313657 Josenópolis";477;444;453;482;461;407;369;297;222;229;211;199;178;120;102;69;78;4798
"313665 Juatuba";1847;1759;1971;2236;2263;2173;2189;1968;1796;1578;1474;1298;1036;740;518;362;337;25545
"313670 Juiz de Fora";29688;30889;35064;41377;44119;46029;45350;43038;37494;37421;37899;35098;28785;22323;15277;10922;14263;555036
"313680 Juramento";295;287;321;370;368;360;329;351;306;262;235;208;190;143;115;76;69;4285
"313690 Juruaia";663;636;718;872;932;941;856;766;665;657;600;525;449;335;227;174;176;10192
"313695 Juvenília";483;465;509;498;532;477;422;375;352;329;311;280;224;165;123;96;112;5753
"313700 Ladainha";1694;1579;1678;1690;1606;1501;1339;1211;963;912;829;691;614;494;388;302;362;17853
"313710 Lagamar";401;410;456;536;528;511;507;552;624;609;548;494;450;363;275;188;202;7654
"313720 Lagoa da Prata";3144;3120;3582;4236;4383;4333;4165;4079;3712;3459;3240;2776;2083;1479;1072;743;848;50454
"313730 Lagoa dos Patos";311;308;322;368;397;357;339;310;258;232;210;169;156;153;100;78;99;4167
"313740 Lagoa Dourada";889;874;991;1073;1090;1008;1072;1067;845;802;795;681;514;390;295;217;237;12840
"313750 Lagoa Formosa";981;1014;1172;1282;1424;1311;1238;1290;1375;1373;1231;1045;933;718;578;431;471;17867
"313753 Lagoa Grande";625;608;740;821;815;763;735;722;700;624;567;421;364;277;232;146;134;9294
"313760 Lagoa Santa";3825;3750;4258;5111;4914;4991;5066;4961;4496;4253;4039;3458;2622;1871;1319;932;1120;60986
"313770 Lajinha";1432;1366;1521;1654;1593;1655;1695;1503;1355;1269;1070;998;876;636;484;360;471;19938
"313780 Lambari";1310;1331;1412;1527;1619;1483;1508;1443;1360;1400;1397;1244;1024;827;627;451;562;20525
"313790 Lamim";225;222;237;252;231;237;234;264;255;231;222;199;174;131;119;92;106;3431
"313800 Laranjal";333;342;371;451;470;500;525;549;453;451;481;455;380;337;227;168;245;6738
"313810 Lassance";514;475;509;605;599;521;490;449;398;390;388;346;280;198;145;108;127;6542
"313820 Lavras";5718;5878;6742;7873;8327;8585;8555;7934;6840;6791;6497;6008;4867;3550;2433;1775;2232;100605
"313830 Leandro Ferreira";207;202;231;241;253;268;256;212;206;200;201;179;180;127;99;78;100;3240
"313835 Leme do Prado";342;328;435;443;463;471;423;385;301;304;257;204;173;117;92;83;88;4909
"313840 Leopoldina";3054;3116;3440;3826;4014;3974;3950;3887;3679;3644;3441;3079;2664;2210;1634;1238;1571;52421
"313850 Liberdade";282;294;300;374;353;341;326;393;401;408;380;344;272;244;183;141;153;5189
"313860 Lima Duarte";954;967;1094;1212;1282;1171;1129;1199;1157;1234;1269;1087;851;666;510;370;465;16617
"313862 Limeira do Oeste";439;451;522;594;653;653;637;579;511;506;485;416;290;207;160;126;141;7370
"313865 Lontra";653;609;672;755;824;763;759;620;524;497;479;419;380;300;251;173;220;8898
"313867 Luisburgo";477;445;501;549;510;512;509;435;420;411;388;317;239;195;141;115;129;6293
"313868 Luislândia";564;525;585;617;612;576;540;457;409;375;322;268;223;187;139;116;126;6641
"313870 Luminárias";356;350;380;443;433;377;407;386;393;385;384;321;270;211;163;105;106;5470
"313880 Luz";1008;1028;1190;1327;1459;1467;1345;1322;1281;1297;1254;1075;912;735;556;385;443;18084
"313890 Machacalis";515;511;529;539;536;511;546;516;489;438;400;346;308;263;243;183;236;7109
"313900 Machado";2832;2815;3066;3430;3449;3366;3265;3049;2771;2693;2583;2282;1863;1366;952;664;810;41256
"313910 Madre de Deus de Minas";303;306;287;373;405;364;366;383;332;376;387;326;239;206;148;114;150;5065
"313920 Malacacheta";1335;1277;1464;1668;1670;1518;1314;1250;1189;1104;1091;910;871;677;522;404;537;18801
"313925 Mamonas";340;354;378;439;523;498;494;472;452;443;472;404;320;293;237;192;198;6509
"313930 Manga";1573;1494;1693;1784;1684;1464;1347;1241;1141;1094;1025;872;715;586;461;344;456;18974
"313940 Manhuaçu";6797;6598;7107;7501;7386;7230;7214;6724;5769;5468;4944;4145;3377;2490;1667;1257;1606;87280
"313950 Manhumirim";1589;1531;1707;1876;1841;1763;1725;1681;1497;1422;1358;1174;1009;722;533;440;540;22408
"313960 Mantena";1784;1816;1939;2099;2015;2111;2143;2116;1967;1892;1719;1529;1334;1000;766;604;799;27633
"313980 Mar de Espanha";742;748;794;979;1053;1042;987;898;826;867;834;738;599;464;352;279;340;12542
"313970 Maravilhas";554;547;591;634;711;656;581;573;581;527;500;379;301;228;156;108;131;7758
"313990 Maria da Fé";902;890;1005;1164;1224;1126;1027;976;986;1012;953;837;661;517;377;247;314;14218
"314000 Mariana";3951;3918;4287;5116;5434;5485;5346;4847;4011;3674;3436;2851;2212;1639;1088;768;894;58957
"314010 Marilac";304;288;353;380;368;345;302;274;258;259;220;196;165;135;116;79;132;4174
"314015 Mário Campos";1117;1066;1172;1318;1371;1241;1205;1153;1020;1011;864;712;547;363;259;171;191;14781
"314020 Maripá de Minas";178;191;173;214;237;207;216;198;199;202;198;167;149;130;91;78;102;2930
"314030 Marliéria";260;258;281;312;309;261;298;315;265;285;280;233;182;160;122;101;132;4054
"314040 Marmelópolis";151;156;158;221;245;222;216;187;198;211;228;182;146;109;86;65;60;2841
"314050 Martinho Campos";798;776;924;1041;1084;1037;983;961;958;966;869;759;621;484;338;277;337;13213
"314053 Martins Soares";615;594;664;672;734;656;647;591;512;500;453;381;330;254;167;124;166;8060
"314055 Mata Verde";608;571;676;766;762;695;667;598;549;509;435;358;312;285;246;154;213;8404
"314060 Materlândia";326;320;317;391;406;327;341;300;274;282;270;220;175;154;139;133;154;4529
"314070 Mateus Leme";2072;2037;2319;2563;2486;2405;2451;2322;2056;1903;1854;1588;1329;1045;728;508;548;30214
"317150 Mathias Lobato";279;276;272;279;319;259;243;201;175;172;183;184;138;111;72;48;65;3276
"314080 Matias Barbosa";784;798;943;1125;1156;1072;1083;1035;951;1000;976;893;756;572;391;317;364;14216
"314085 Matias Cardoso";1094;988;1018;1020;1087;989;856;728;556;504;505;423;329;262;185;124;165;10833
"314090 Matipó";1556;1493;1610;1723;1594;1561;1372;1363;1173;1073;1032;868;648;513;365;283;378;18605
"314100 Mato Verde";754;760;832;922;1110;1083;987;955;886;849;816;657;566;462;361;266;340;12606
"314110 Matozinhos";2412;2403;2655;3138;3255;3140;3213;3130;2595;2496;2283;1801;1370;1044;713;549;581;36778
"314120 Matutina";176;183;229;254;257;251;232;265;278;272;296;246;222;198;144;132;140;3775
"314130 Medeiros";240;239;259;314;321;280;264;275;279;267;259;194;173;124;85;68;66;3707
"314140 Medina";1610;1553;1659;1716;1734;1606;1515;1518;1343;1265;1166;980;880;761;602;508;594;21010
"314150 Mendes Pimentel";377;367;430;484;477;449;471;503;500;486;421;357;315;274;198;150;187;6446
"314160 Mercês";595;594;712;790;840;814;766;753;760;752;701;670;534;438;372;267;323;10681
"314170 Mesquita";340;342;395;460;429;418;417;410;407;360;376;333;305;249;183;139;227;5790
"314180 Minas Novas";2419;2303;2800;3205;3192;3239;2796;2201;1718;1611;1464;1237;1045;755;575;438;447;31445
"314190 Minduri";215;222;269;288;335;301;265;284;288;276;276;243;206;146;114;76;96;3900
"314200 Mirabela";975;934;976;1145;1207;1136;1055;967;894;769;749;632;578;475;374;290;335;13491
"314210 Miradouro";667;652;726;837;864;852;846;840;770;727;673;616;481;357;271;205;269;10653
"314220 Miraí";955;950;964;1084;1225;1209;1092;1039;999;982;899;883;727;577;407;286;431;14709
"314225 Miravânia";387;348;425;436;439;408;379;320;276;271;229;230;181;142;126;89;120;4806
"314230 Moeda";294;300;329;369;338;318;328;363;331;324;354;293;257;200;152;130;193;4873
"314240 Moema";463;462;539;550;570;586;571;566;550;534;461;380;344;291;214;157;163;7401
"314250 Monjolos";151;146;168;170;189;169;161;181;172;154;137;110;108;82;74;54;53;2279
"314260 Monsenhor Paulo";545;552;625;659;706;689;678;614;586;535;539;540;418;310;223;150;198;8567
"314270 Montalvânia";1127;1109;1167;1267;1304;1147;1073;1027;902;952;942;812;666;593;462;322;415;15287
"314280 Monte Alegre de Minas";1252;1256;1276;1545;1627;1595;1517;1543;1454;1514;1357;1222;1011;858;604;495;628;20754
"314290 Monte Azul";1200;1220;1296;1463;1769;1685;1637;1580;1434;1528;1463;1286;1042;925;707;503;611;21349
"314300 Monte Belo";706;703;836;1020;1082;1072;999;988;967;966;917;779;647;493;391;292;351;13209
"314310 Monte Carmelo";2930;2944;3320;3817;3878;3791;3707;3827;3572;3487;3235;2670;2078;1577;1055;774;763;47425
"314315 Monte Formoso";493;427;461;476;437;350;350;309;272;258;207;180;165;147;128;87;107;4854
"314320 Monte Santo de Minas";1198;1177;1391;1609;1660;1627;1590;1572;1438;1517;1439;1365;1181;899;690;523;680;21556
"314340 Monte Sião";1389;1391;1566;1688;1846;1903;2087;1899;1708;1683;1523;1296;1042;741;509;382;441;23094
"314330 Montes Claros";27290;27409;30295;33556;34711;36919;36321;32928;27887;24597;21574;18290;14390;11017;7726;5361;5822;396093
"314345 Montezuma";668;614;681;758;767;709;651;558;490;447;382;361;277;227;175;130;146;8041
"314350 Morada Nova de Minas";565;536;556;687;680;648;622;585;647;685;651;502;416;301;249;196;191;8717
"314360 Morro da Garça";158;154;189;207;217;194;211;181;151;167;164;150;109;94;83;53;59;2541
"314370 Morro do Pilar";186;190;218;247;282;240;238;230;201;216;221;184;166;128;108;97;119;3271
"314380 Munhoz";385;374;426;501;500;461;486;464;432;428;430;376;281;242;159;90;104;6139
"314390 Muriaé";6252;6395;7121;8046;8365;9063;9032;8582;7146;7186;6886;6222;5152;3903;2736;2034;2671;106792
"314400 Mutum";1879;1791;1902;2096;2021;2005;2139;2079;1907;1807;1653;1421;1259;1001;756;598;720;27034
"314410 Muzambinho";1202;1222;1262;1479;1569;1582;1576;1540;1422;1365;1459;1340;1067;869;605;472;614;20645
"314420 Nacip Raydan";234;231;237;262;289;234;218;220;212;207;187;151;125;117;109;83;101;3217
"314430 Nanuque";2802;2791;2980;3250;3239;3238;3337;3197;2723;2611;2350;2111;1737;1425;1223;906;1098;41018
"314435 Naque";539;534;499;596;656;589;515;495;416;383;403;315;278;202;153;111;139;6823
"314437 Natalândia";249;236;253;290;294;280;255;239;225;229;200;158;125;101;77;58;52;3321
"314440 Natércia";234;239;266;323;303;336;340;326;324;348;370;327;291;235;162;130;180;4734
"314450 Nazareno";509;509;594;717;678;596;624;620;613;656;544;483;385;313;233;175;196;8445
"314460 Nepomuceno";1675;1690;1851;2091;2118;2074;2076;2051;1765;1652;1634;1587;1393;1030;723;513;665;26588
"314465 Ninheira";678;663;866;911;921;822;813;707;635;608;578;471;436;349;285;197;259;10199
"314467 Nova Belém";263;237;246;277;254;239;221;259;268;242;224;194;149;119;85;55;54;3386
"314470 Nova Era";1159;1182;1229;1347;1387;1451;1387;1287;1188;1154;1180;1039;777;618;464;340;477;17666
"314480 Nova Lima";5566;5552;5829;6948;7074;7637;8181;7980;6840;6355;5914;5149;4026;2976;2027;1334;1523;90911
"314490 Nova Módica";271;257;256;295;307;264;278;251;221;245;218;184;163;132;124;103;114;3683
"314500 Nova Ponte";1062;1054;1210;1350;1337;1345;1311;1173;1068;975;872;639;464;323;240;164;156;14743
"314505 Nova Porteirinha";567;539;603;662;709;655;641;572;509;454;399;325;251;221;176;111;117;7511
"314510 Nova Resende";1163;1164;1199;1299;1346;1325;1301;1252;1192;1090;1021;865;709;523;353;246;333;16381
"314520 Nova Serrana";7494;7751;8965;9508;9642;10766;10222;7890;5828;4601;3616;2751;1880;1194;777;493;450;93828
"313660 Nova União";365;365;393;422;455;417;429;439;449;384;377;325;276;202;143;123;139;5703
"314530 Novo Cruzeiro";2827;2663;2861;2998;2972;2641;2421;2136;1734;1604;1483;1206;1081;835;674;529;653;31318
"314535 Novo Oriente de Minas";766;741;859;942;938;889;798;744;656;580;526;468;475;392;342;267;299;10682
"314537 Novorizonte";415;382;400;458;441;419;442;351;297;286;249;228;217;190;157;127;162;5221
"314540 Olaria";84;85;97;132;131;114;113;136;143;143;164;128;109;88;65;49;51;1832
"314545 Olhos-d'Água";515;479;512;531;535;540;505;445;347;333;303;248;202;134;97;73;62;5861
"314550 Olímpio Noronha";149;150;182;225;199;186;191;204;189;185;189;189;148;126;81;65;63;2721
"314560 Oliveira";2379;2387;2734;3147;3186;3226;3149;3232;3006;2883;2810;2469;1981;1521;1134;850;1113;41207
"314570 Oliveira Fortes";123;129;136;157;181;160;151;150;157;166;148;128;128;85;59;37;48;2143
"314580 Onça de Pitangui";215;210;250;315;255;210;208;248;228;212;196;163;127;99;80;60;60;3136
"314585 Oratórios";308;309;323;361;366;365;376;354;320;294;284;258;217;158;120;90;127;4630
"314587 Orizânia";613;574;631;720;719;602;603;614;538;493;421;346;306;221;158;120;146;7825
"314590 Ouro Branco";2407;2475;2537;3057;3419;3905;3725;3143;2418;2312;2386;2311;1708;1066;633;404;445;38351
"314600 Ouro Fino";1826;1871;2090;2498;2451;2479;2473;2467;2390;2378;2317;2032;1718;1429;1038;746;957;33160
"314610 Ouro Preto";4465;4501;5210;6164;6299;6240;6123;5824;5110;4889;4669;4005;3192;2375;1713;1215;1418;73412
"314620 Ouro Verde de Minas";461;440;457;514;510;498;436;419;383;322;331;276;230;206;185;141;187;5996
"314625 Padre Carvalho";636;586;576;565;629;606;504;450;318;265;265;224;213;137;102;64;98;6238
"314630 Padre Paraíso";1610;1499;1654;1776;1715;1589;1514;1398;1186;1084;1023;846;772;649;594;431;506;19846
"314655 Pai Pedro";479;453;486;515;602;508;484;435;378;352;302;280;236;186;138;112;128;6074
"314640 Paineiras";211;218;231;306;330;278;280;310;331;391;365;317;281;221;186;157;147;4560
"314650 Pains";465;484;526;619;623;631;594;594;574;596;603;511;407;325;247;198;247;8244
"314660 Paiva";60;62;81;97;108;95;100;106;116;121;129;127;96;69;61;47;73;1548
"314670 Palma";337;340;415;452;433;524;517;464;449;454;484;436;347;320;240;175;245;6632
"314675 Palmópolis";386;424;436;439;486;407;409;411;383;366;361;313;310;268;195;182;229;6005
"314690 Papagaios";1195;1115;1210;1465;1395;1296;1171;1137;1108;1022;921;712;517;373;249;178;212;15276
"314710 Pará de Minas";5504;5531;6329;7557;7906;7958;7720;7431;6633;6174;5768;5022;3869;2827;2007;1430;1671;91337
"314700 Paracatu";6771;6461;7304;8417;8671;8455;7811;7125;6277;5607;5097;3962;3072;2127;1474;1097;1222;90950
"314720 Paraguaçu";1247;1269;1357;1559;1718;1752;1617;1493;1430;1432;1424;1269;1037;881;651;468;622;21226
"314730 Paraisópolis";1272;1271;1336;1590;1616;1586;1597;1542;1560;1515;1421;1233;930;726;572;423;461;20651
"314740 Paraopeba";1598;1580;1782;2079;2153;2063;1932;1790;1655;1721;1568;1236;931;731;484;333;403;24039
"314760 Passa Quatro";955;957;1094;1247;1274;1187;1229;1253;1210;1152;1108;1006;819;606;427;290;377;16191
"314770 Passa Tempo";391;410;498;564;625;601;580;572;596;654;608;510;445;365;274;213;263;8169
"314780 Passa-Vinte";109;117;130;143;167;134;129;142;144;172;171;126;108;84;73;51;64;2064
"314750 Passabém";90;89;100;97;134;125;115;114;115;120;118;111;105;79;69;54;62;1697
"314790 Passos";6956;7029;7505;8795;9205;9240;8939;8585;7960;7739;7267;6500;5409;4119;2930;2093;2344;112615
"314795 Patis";459;429;475;511;584;524;452;416;352;355;312;238;220;190;157;91;114;5879
"314800 Patos de Minas";8205;8429;9604;11214;12151;12154;11908;11376;11169;10959;10222;8894;7161;5386;3797;2829;3073;148531
"314810 Patrocínio";5864;5827;6344;7447;7445;7402;7091;6840;6326;6130;5711;4667;3702;2770;1985;1443;1591;88585
"314820 Patrocínio do Muriaé";288;294;346;401;386;424;426;422;386;390;391;361;295;254;206;141;177;5588
"314830 Paula Cândido";608;597;670;759;781;795;723;676;594;618;651;538;423;336;247;220;293;9529
"314840 Paulistas";367;366;392;422;428;360;306;300;285;276;286;244;212;167;152;137;187;4887
"314850 Pavão";613;590;604;634;662;685;662;620;574;464;475;435;380;334;293;225;295;8545
"314860 Peçanha";1392;1327;1419;1506;1599;1477;1401;1215;1062;1013;908;768;659;525;444;373;464;17552
"314870 Pedra Azul";1945;1919;1970;2054;2146;1911;1769;1673;1510;1474;1362;1093;943;826;644;494;576;24309
"314875 Pedra Bonita";602;554;628;656;604;548;609;588;461;400;330;286;267;162;119;92;94;7000
"314880 Pedra do Anta";163;166;190;205;250;233;194;223;226;214;213;198;183;158;132;110;141;3199
"314890 Pedra do Indaiá";225;225;251;265;288;294;278;297;292;303;288;241;220;160;134;98;104;3963
"314900 Pedra Dourada";168;158;178;228;206;192;183;195;172;164;129;118;101;77;58;39;50;2416
"314910 Pedralva";709;696;733;956;928;828;779;730;781;853;831;664;580;445;320;232;285;11350
"314915 Pedras de Maria da Cruz";914;870;882;1019;1088;966;871;758;631;652;634;547;410;338;242;200;203;11225
"314920 Pedrinópolis";256;260;251;281;277;259;251;260;253;269;256;180;175;142;88;70;81;3609
"314930 Pedro Leopoldo";3680;3731;4326;5055;5185;5174;5265;5006;4332;4285;4142;3762;2944;2161;1471;1013;1302;62834
"314940 Pedro Teixeira";105;107;121;147;143;121;134;160;153;127;136;108;79;64;46;28;31;1810
"314950 Pequeri";209;215;196;233;272;245;244;226;209;222;221;216;173;130;100;74;104;3289
"314960 Pequi";282;283;273;322;367;330;258;322;297;315;301;254;193;153;119;107;148;4324
"314970 Perdigão";785;803;912;981;966;1023;950;774;737;659;540;473;326;273;208;153;164;10727
"314980 Perdizes";1169;1160;1283;1429;1394;1308;1256;1256;1133;1028;925;762;584;393;264;191;152;15687
"314990 Perdões";1222;1229;1374;1646;1687;1649;1644;1587;1449;1438;1391;1307;1093;836;587;408;543;21090
"314995 Periquito";542;516;553;656;612;508;506;506;443;410;365;339;262;204;186;134;182;6924
"315000 Pescador";313;296;336;365;362;360;300;268;254;250;230;212;181;136;128;112;133;4236
"315010 Piau";149;151;149;165;195;181;176;199;194;222;224;181;175;136;106;94;98;2795
"315015 Piedade de Caratinga";660;614;636;749;719;659;639;617;557;527;457;360;297;213;155;133;149;8141
"315020 Piedade de Ponte Nova";310;306;289;318;373;347;312;307;257;246;254;196;173;134;111;84;122;4139
"315030 Piedade do Rio Grande";217;232;264;275;316;276;267;315;326;372;376;332;323;215;192;142;153;4593
"315040 Piedade dos Gerais";275;278;327;362;369;306;324;389;385;379;342;290;255;206;158;120;135;4900
"315050 Pimenta";490;491;546;640;706;668;652;678;648;648;599;530;418;300;215;162;181;8572
"315053 Pingo-d'Água";377;362;383;382;352;369;393;385;324;295;279;247;213;166;114;76;83;4800
"315057 Pintópolis";716;664;646;651;694;585;553;502;377;368;370;313;289;247;184;139;157;7455
"315060 Piracema";315;324;372;480;525;454;437;467;471;504;503;402;333;273;210;161;215;6446
"315070 Pirajuba";432;432;450;511;548;573;589;497;424;314;245;214;157;124;86;56;79;5731
"315080 Piranga";1274;1205;1268;1524;1600;1439;1390;1205;1102;1089;1006;877;718;574;478;346;506;17601
"315090 Piranguçu";331;330;353;417;418;396;386;408;376;375;379;341;281;213;161;108;148;5421
"315100 Piranguinho";546;538;564;691;708;637;621;589;594;589;580;485;379;313;229;182;212;8457
"315110 Pirapetinga";618;609;693;863;901;859;854;849;768;692;687;658;521;391;272;206;247;10688
"315120 Pirapora";4162;4132;4158;4616;4834;4881;4787;4353;3674;3419;3228;2801;2283;1620;1102;739;972;55761
"315130 Piraúba";633;644;702;732;786;847;823;779;694;765;794;696;568;449;337;262;364;10875
"315140 Pitangui";1806;1800;2058;2293;2373;2220;2142;2064;1894;1870;1681;1410;1127;850;621;447;623;27279
"315150 Piumhi";1865;1923;2206;2542;2697;2709;2717;2641;2378;2282;2306;2113;1767;1300;936;697;899;33978
"315160 Planura";901;918;899;906;946;1066;1098;930;809;710;659;540;446;303;217;155;130;11633
"315170 Poço Fundo";944;985;1039;1195;1178;1226;1215;1193;1157;1207;1238;1060;932;739;522;354;434;16618
"315180 Poços de Caldas";9454;9591;10465;12269;12550;13178;13641;13181;11796;10866;10304;9689;8521;6483;4526;3196;3786;163496
"315190 Pocrane";475;482;523;588;622;622;636;604;565;572;581;550;501;418;333;245;346;8663
"315200 Pompéu";2267;2206;2367;2660;2874;2653;2458;2256;2071;2038;1895;1524;1180;913;680;507;567;31116
"315210 Ponte Nova";3423;3506;3926;4403;4679;4693;4835;4731;4086;4104;4023;3522;2911;2210;1557;1107;1610;59326
"315213 Ponto Chique";346;321;366;375;371;361;377;307;253;223;192;166;158;130;93;76;75;4190
"315217 Ponto dos Volantes";1164;1038;1032;1119;1006;862;827;767;693;654;566;505;432;391;331;273;279;11939
"315220 Porteirinha";2449;2451;2712;2916;3258;3237;3274;2868;2526;2438;2274;1910;1690;1386;1003;747;899;38038
"315230 Porto Firme";621;625;692;819;823;837;952;931;817;802;731;651;506;380;292;256;329;11064
"315240 Poté";1221;1172;1265;1353;1357;1238;1192;1117;1066;1009;919;789;689;569;476;389;541;16362
"315250 Pouso Alegre";8751;8851;9770;11822;12273;12471;12586;11637;10300;9736;9169;8127;6519;4841;3231;2268;2701;145053
"315260 Pouso Alto";322;320;319;412;490;424;429;403;453;455;468;429;329;257;202;164;188;6064
"315270 Prados";559;563;649;694;682;645;682;673;650;664;629;527;380;291;231;167;189;8875
"315280 Prata";1801;1794;1966;2111;2228;2187;2222;2159;2082;1977;1732;1448;1181;886;629;443;503;27349
"315290 Pratápolis";457;462;500;593;610;607;550;591;605;593;637;634;541;416;345;257;323;8721
"315300 Pratinha";190;176;206;244;224;258;264;268;262;265;255;222;205;146;128;100;101;3514
"315310 Presidente Bernardes";366;356;377;409;423;346;317;385;358;394;380;330;259;220;184;148;204;5456
"315320 Presidente Juscelino";241;238;250;277;323;284;245;284;263;270;234;201;170;146;134;92;97;3749
"315330 Presidente Kubitschek";281;267;228;257;251;241;226;225;161;161;158;133;124;91;75;58;69;3006
"315340 Presidente Olegário";1141;1114;1248;1547;1559;1440;1428;1521;1471;1432;1252;1077;934;737;556;396;413;19266
"315360 Prudente de Morais";670;686;759;900;971;977;844;777;708;658;689;554;403;288;213;160;161;10418
"315370 Quartel Geral";223;224;260;310;298;251;240;239;233;217;259;203;167;129;96;73;77;3499
"315380 Queluzito";80;85;102;122;139;115;98;137;146;177;166;147;126;90;77;56;62;1925
"315390 Raposos";1034;1035;1110;1296;1390;1371;1401;1372;1140;1019;976;908;710;544;343;200;271;16120
"315400 Raul Soares";1407;1412;1594;1689;1651;1687;1679;1650;1712;1736;1654;1521;1227;987;787;653;874;23920
"315410 Recreio";553;575;622;689;751;719;754;771;676;709;735;685;617;512;434;296;409;10507
"315415 Reduto";560;536;550;634;604;560;559;496;442;433;397;349;279;198;149;115;144;7005
"315420 Resende Costa";655;668;737;836;899;905;803;789;789;792;829;749;596;427;339;252;311;11376
"315430 Resplendor";1138;1155;1207;1342;1282;1216;1235;1212;1201;1123;1121;958;878;746;580;448;557;17399
"315440 Ressaquinha";283;282;304;380;422;347;334;358;367;362;330;268;211;189;136;95;110;4778
"315445 Riachinho";595;580;611;757;747;608;622;573;541;509;478;441;324;264;188;147;157;8142
"315450 Riacho dos Machados";767;751;800;876;917;883;793;655;511;534;495;379;334;277;204;146;176;9498
"315460 Ribeirão das Neves";24343;23268;26254;30590;29356;28635;28329;27455;23009;19654;16860;14896;11859;7989;5080;3192;3237;324006
"315470 Ribeirão Vermelho";217;227;251;280;291;305;325;295;239;232;266;304;238;153;115;95;156;3989
"315480 Rio Acima";639;615;679;866;832;906;894;830;757;656;606;523;378;289;209;149;147;9975
"315490 Rio Casca";917;911;978;1038;1089;1055;1035;1060;905;850;867;824;678;529;392;289;435;13852
"315510 Rio do Prado";393;382;354;399;441;423;386;340;349;339;279;275;230;172;152;123;165;5202
"315500 Rio Doce";123;125;154;204;212;219;178;163;173;187;213;181;125;88;81;59;93;2578
"315520 Rio Espera";317;317;367;430;463;371;345;393;409;463;424;327;271;239;208;169;188;5701
"315530 Rio Manso";295;296;343;432;413;414;440;442;431;426;410;339;305;236;188;135;140;5685
"315540 Rio Novo";468;471;597;691;728;676;680;614;584;643;647;538;435;379;285;212;276;8924
"315550 Rio Paranaíba";776;768;912;994;965;995;1023;980;901;843;807;645;534;389;284;210;220;12246
"315560 Rio Pardo de Minas";2310;2157;2584;3092;2933;2791;2519;2244;1877;1746;1539;1254;1045;827;634;449;503;30504
"315570 Rio Piracicaba";814;824;948;1071;1138;1036;1075;1084;1001;1055;1012;892;724;576;437;305;369;14361
"315580 Rio Pomba";961;993;1114;1312;1499;1483;1402;1225;1194;1227;1156;1054;893;702;532;431;576;17754
"315590 Rio Preto";303;306;350;409;398;350;392;415;390;421;392;361;264;217;184;126;170;5448
"315600 Rio Vermelho";1038;989;1086;1203;1197;990;876;767;827;796;731;649;542;476;342;308;366;13183
"315610 Ritápolis";228;233;263;329;383;314;286;331;342;374;361;337;298;233;166;120;138;4736
"315620 Rochedo de Minas";141;134;164;190;169;192;155;133;169;152;164;150;117;75;55;45;52;2257
"315630 Rodeiro";491;494;590;668;645;693;696;617;525;572;466;364;280;220;157;121;152;7751
"315640 Romaria";224;212;237;269;280;267;268;272;266;272;253;227;188;125;93;70;51;3574
"315645 Rosário da Limeira";242;236;302;322;396;359;366;362;334;327;283;248;230;165;121;101;114;4508
"315650 Rubelita";477;494;533;524;548;438;438;429;388;419;389;370;350;272;212;164;166;6611
"315660 Rubim";658;653;761;715;832;795;701;681;660;681;612;528;482;403;366;294;374;10196
"315670 Sabará";8973;8794;10026;11860;11505;10970;11226;10972;9461;8806;8030;7023;5418;3921;2732;1912;2149;133778
"315680 Sabinópolis";1157;1124;1170;1317;1347;1228;1091;1030;976;957;924;810;640;548;450;367;501;15637
"315690 Sacramento";1612;1631;1771;1955;2115;2155;2116;2041;1806;1663;1645;1351;1115;880;649;483;603;25591
"315700 Salinas";2640;2655;2985;3295;3442;3413;3356;3100;2775;2587;2280;2005;1786;1442;1180;910;1136;40987
"315710 Salto da Divisa";620;597;545;515;566;513;506;484;404;423;437;368;296;216;171;152;188;7001
"315720 Santa Bárbara";2085;2073;2101;2488;2694;2678;2591;2492;2059;1919;1894;1553;1203;838;590;447;520;30225
"315725 Santa Bárbara do Leste";559;534;577;644;626;601;640;617;578;602;489;421;348;278;199;152;178;8043
"315727 Santa Bárbara do Monte Verde";201;189;198;246;238;196;203;218;242;269;236;179;138;94;80;57;66;3050
"315730 Santa Bárbara do Tugúrio";275;272;291;320;378;343;300;344;340;323;311;259;225;182;132;87;120;4502
"315733 Santa Cruz de Minas";520;514;618;698;728;720;686;673;622;593;537;485;354;253;179;111;122;8413
"315737 Santa Cruz de Salinas";332;303;316;339;356;303;277;272;251;246;236;231;227;168;144;118;130;4249
"315740 Santa Cruz do Escalvado";262;260;314;360;386;320;354;369;343;332;329;290;267;187;168;145;177;4863
"315750 Santa Efigênia de Minas";326;317;380;381;413;344;320;319;304;258;242;216;189;152;138;91;107;4497
"315760 Santa Fé de Minas";332;320;314;357;375;292;276;250;222;236;233;206;164;108;87;64;72;3908
"315765 Santa Helena de Minas";634;582;563;558;543;467;450;417;348;323;305;250;234;196;162;119;151;6302
"315770 Santa Juliana";907;914;1040;1156;1153;1219;1246;1109;921;809;741;613;462;348;244;161;172;13215
"315780 Santa Luzia";15248;14700;16662;19569;18585;18356;18446;18240;15766;13827;11827;10542;8339;6005;4041;2578;2658;215389
"315790 Santa Margarida";1282;1228;1321;1401;1320;1240;1297;1177;1009;965;886;830;637;455;332;240;293;15913
"315800 Santa Maria de Itabira";754;733;785;948;985;902;768;738;735;701;648;513;452;341;265;221;326;10815
"315810 Santa Maria do Salto";352;347;389;366;428;419;396;336;309;332;327;325;281;210;167;124;172;5280
"315820 Santa Maria do Suaçuí";1087;1045;1146;1293;1297;1179;1080;998;890;869;828;711;593;491;379;326;418;14630
"315920 Santa Rita de Caldas";469;476;517;584;588;597;634;684;656;693;675;602;551;459;341;217;284;9027
"315940 Santa Rita de Ibitipoca";211;215;236;272;259;237;225;248;268;275;245;206;180;140;104;81;95;3497
"315930 Santa Rita de Jacutinga";250;256;268;329;374;314;340;357;356;363;365;329;276;223;192;154;202;4948
"315935 Santa Rita de Minas";476;456;522;576;611;579;548;557;475;444;408;372;319;223;184;129;158;7037
"315950 Santa Rita do Itueto";399;388;397;444;436;392;388;431;385;375;365;300;282;206;155;109;137;5589
"315960 Santa Rita do Sapucaí";2676;2649;3001;3479;3516;3695;3559;3348;2978;2709;2567;2183;1735;1288;888;642;804;41717
"315970 Santa Rosa da Serra";214;217;262;270;252;245;252;233;226;232;233;210;170;112;91;56;54;3329
"315980 Santa Vitória";1182;1200;1285;1395;1470;1499;1437;1549;1505;1413;1228;1069;866;723;572;446;495;19334
"315830 Santana da Vargem";448;425;524;593;561;535;569;545;543;499;455;440;343;269;186;118;132;7185
"315840 Santana de Cataguases";221;226;216;238;264;253;251;248;252;281;254;285;238;185;144;121;137;3814
"315850 Santana de Pirapama";460;448;518;570;563;510;547;563;571;561;500;496;412;346;266;217;259;7807
"315860 Santana do Deserto";246;246;279;298;316;289;269;274;273;308;292;234;181;154;117;88;98;3962
"315870 Santana do Garambéu";127;125;178;183;168;204;190;196;180;152;144;131;124;109;81;46;61;2399
"315880 Santana do Jacaré";262;257;312;365;393;350;363;356;347;327;295;279;246;185;160;125;158;4780
"315890 Santana do Manhuaçu";668;622;693;730;686;678;655;658;594;567;474;451;371;275;219;152;202;8695
"315895 Santana do Paraíso";2529;2383;2584;2895;2867;2670;2789;2731;2365;2049;1727;1463;1193;820;535;400;451;32451
"315900 Santana do Riacho";260;245;258;321;336;326;336;369;330;307;277;236;204;145;108;75;98;4231
"315910 Santana dos Montes";215;213;282;304;296;261;247;253;275;296;261;220;190;165;135;87;114;3814
"315990 Santo Antônio do Amparo";1204;1182;1353;1512;1564;1444;1453;1417;1200;1155;1086;1080;862;619;459;317;342;18249
"316000 Santo Antônio do Aventureiro";193;208;216;264;262;225;241;248;259;268;265;234;195;170;129;99;126;3602
"316010 Santo Antônio do Grama";239;236;252;309;325;303;282;271;275;298;259;232;192;161;117;104;136;3991
"316020 Santo Antônio do Itambé";332;306;368;388;374;307;267;272;212;216;214;158;155;138;86;71;93;3957
"316030 Santo Antônio do Jacinto";903;907;875;867;877;820;854;790;713;694;688;645;570;481;403;303;363;11753
"316040 Santo Antônio do Monte";1783;1786;2000;2321;2361;2271;2226;2203;1927;1807;1738;1484;1152;908;640;462;600;27669
"316045 Santo Antônio do Retiro";604;553;625;689;673;605;573;515;424;389;350;325;284;206;162;107;131;7215
"316050 Santo Antônio do Rio Abaixo";102;112;128;130;150;127;117;109;122;142;141;124;81;63;42;35;54;1779
"316060 Santo Hipólito";199;194;213;252;257;220;213;196;197;200;226;213;172;118;99;82;104;3155
"316070 Santos Dumont";2686;2718;2866;3509;3691;3573;3531;3471;3149;3281;3380;3100;2345;1864;1340;968;1222;46694
"316080 São Bento Abade";409;387;442;514;466;446;378;355;358;320;284;212;165;128;88;71;62;5085
"316090 São Brás do Suaçuí";213;211;211;246;275;313;302;290;242;285;269;246;179;129;101;83;92;3687
"316095 São Domingos das Dores";424;407;446;515;517;479;481;439;376;345;319;260;188;130;100;82;92;5600
"316100 São Domingos do Prata";979;995;1107;1290;1286;1349;1254;1229;1165;1160;1235;1111;885;757;595;461;603;17461
"316105 São Félix de Minas";242;237;265;279;310;238;257;262;243;231;204;166;126;102;93;70;68;3393
"316110 São Francisco";4805;4586;5001;5398;5438;4865;4234;3694;3079;2928;2673;2335;1948;1578;1272;903;1103;55840
"316120 São Francisco de Paula";361;360;433;498;523;526;533;568;469;426;411;414;314;227;185;125;178;6551
"316130 São Francisco de Sales";389;385;412;450;468;507;550;541;477;446;432;331;238;165;127;92;114;6124
"316140 São Francisco do Glória";289;287;316;390;388;345;360;390;354;342;350;295;263;198;147;116;151;4981
"316150 São Geraldo";675;685;839;919;970;977;936;887;767;786;803;684;546;412;305;233;328;11752
"316160 São Geraldo da Piedade";303;303;317;329;349;311;296;265;255;245;254;214;186;159;119;93;127;4125
"316165 São Geraldo do Baixio";271;275;293;319;314;297;271;282;260;261;281;217;153;126;91;76;77;3864
"316170 São Gonçalo do Abaeté";545;517;542;578;579;539;495;483;407;426;403;349;303;215;161;114;136;6792
"316180 São Gonçalo do Pará";747;761;876;967;931;938;932;942;844;800;764;614;505;383;303;256;263;11826
"316190 São Gonçalo do Rio Abaixo";666;642;829;969;920;915;913;881;743;679;591;503;399;319;237;180;225;10611
"312550 São Gonçalo do Rio Preto";215;206;231;261;287;278;238;232;217;206;191;141;127;122;91;54;52;3149
"316200 São Gonçalo do Sapucaí";1623;1616;1784;2028;2111;2013;1904;1762;1645;1648;1615;1428;1217;944;666;463;628;25095
"316210 São Gotardo";2351;2326;2674;2990;3065;3050;2991;2681;2374;2261;1964;1674;1261;979;715;512;618;34486
"316220 São João Batista do Glória";412;404;464;563;600;543;551;538;547;551;493;459;374;301;209;149;154;7312
"316225 São João da Lagoa";348;313;335;405;460;432;381;374;316;316;285;259;215;158;103;76;83;4859
"316230 São João da Mata";144;150;152;185;220;216;193;194;202;210;226;192;159;112;83;55;66;2759
"316240 São João da Ponte";1840;1703;1980;2347;2398;2249;2135;1775;1508;1457;1372;1181;1036;809;657;433;497;25377
"316245 São João das Missões";1538;1376;1430;1410;1247;1052;941;697;594;508;474;390;291;231;197;146;144;12666
"316250 São João del Rei";4548;4750;5528;6501;6900;6910;6871;6991;6450;6490;6563;5948;4599;3371;2415;1769;2176;88780
"316255 São João do Manhuaçu";889;837;930;1037;963;996;927;814;711;692;641;533;399;302;205;146;176;11198
"316257 São João do Manteninha";361;369;389;427;429;447;399;400;413;400;377;323;279;201;162;127;171;5674
"316260 São João do Oriente";510;518;483;574;652;594;503;552;543;511;487;401;380;302;225;205;225;7665
"316265 São João do Pacuí";357;329;333;368;386;347;341;311;257;257;227;190;193;141;115;84;92;4328
"316270 São João do Paraíso";1573;1556;1757;1991;2287;2286;2034;1742;1389;1306;1163;1065;930;754;593;427;480;23333
"316280 São João Evangelista";1047;1052;1169;1322;1439;1251;1123;1066;1003;991;955;819;673;557;468;386;474;15795
"316290 São João Nepomuceno";1391;1421;1679;2010;2074;2029;1972;1818;1690;1851;1920;1707;1358;1043;738;539;850;26090
"316292 São Joaquim de Bicas";2097;1973;2214;2711;2620;2838;3015;2648;2126;1765;1449;1318;968;749;541;365;394;29791
"316294 São José da Barra";469;485;505;560;615;607;572;519;511;511;486;432;348;262;159;102;116;7259
"316295 São José da Lapa";1506;1466;1720;2038;1993;1937;1806;1824;1659;1514;1356;1174;917;629;434;295;343;22611
"316300 São José da Safira";379;342;377;385;399;381;329;319;278;246;219;167;125;96;70;55;63;4230
"316310 São José da Varginha";323;301;352;416;400;376;361;382;355;320;311;246;175;143;116;77;116;4770
"316320 São José do Alegre";248;245;275;353;323;334;278;295;300;286;295;267;209;149;115;91;93;4156
"316330 São José do Divino";297;287;290;322;336;309;299;273;253;245;215;194;139;138;101;82;94;3874
"316340 São José do Goiabal";332;342;339;405;445;397;378;377;369;372;403;360;278;230;162;144;190;5523
"316350 São José do Jacuri";482;476;503;531;567;526;441;409;427;426;397;322;274;224;188;144;187;6524
"316360 São José do Mantimento";168;159;217;245;201;216;195;219;195;184;194;153;113;90;70;58;65;2742
"316370 São Lourenço";2583;2609;2798;3235;3395;3221;3528;3447;3018;3019;3035;2905;2424;1848;1336;1004;1346;44751
"316380 São Miguel do Anta";393;397;455;488;598;554;529;499;453;460;469;427;358;265;185;163;228;6921
"316390 São Pedro da União";263;261;253;346;378;353;331;327;310;323;354;339;306;244;165;122;136;4811
"316410 São Pedro do Suaçuí";352;348;379;418;444;435;411;375;312;317;313;255;259;226;206;150;183;5383
"316400 São Pedro dos Ferros";553;558;536;595;608;573;578;558;491;542;552;474;413;306;245;185;248;8015
"316420 São Romão";1036;942;961;1147;1133;1081;1068;898;707;652;595;456;352;263;165;131;150;11737
"316430 São Roque de Minas";418;419;448;526;551;495;512;532;499;540;494;431;346;273;199;131;159;6973
"316440 São Sebastião da Bela Vista";410;402;365;408;404;395;414;406;358;355;327;309;271;190;141;92;108;5355
"316443 São Sebastião da Vargem Alegre";195;187;176;220;243;231;228;248;203;213;190;168;150;103;79;59;64;2957
"316447 São Sebastião do Anta";503;456;553;588;520;510;541;490;407;347;331;293;240;185;124;110;129;6327
"316450 São Sebastião do Maranhão";848;774;861;911;879;747;719;697;630;636;564;479;431;360;298;210;256;10300
"316460 São Sebastião do Oeste";428;467;523;485;504;606;583;470;404;406;363;335;286;208;164;120;146;6498
"316470 São Sebastião do Paraíso";4377;4382;4715;5693;5587;5648;5672;5276;4650;4524;4233;3964;3354;2576;1795;1338;1638;69422
"316480 São Sebastião do Rio Preto";109;113;103;99;92;69;78;95;119;120;113;98;84;73;61;58;66;1550
"316490 São Sebastião do Rio Verde";129;136;125;139;176;182;148;158;162;163;171;147;125;82;58;46;65;2212
"316520 São Thomé das Letras";453;429;525;662;632;573;515;532;556;517;468;421;267;167;121;74;77;6989
"316500 São Tiago";640;646;747;840;871;836;832;839;757;720;746;652;510;410;304;245;287;10882
"316510 São Tomás de Aquino";491;479;516;582;564;525;539;512;439;401;376;411;353;292;225;177;204;7086
"316530 São Vicente de Minas";444;435;525;640;665;582;558;543;530;516;527;450;358;268;192;144;178;7555
"316540 Sapucaí-Mirim";473;442;494;610;572;484;500;522;454;441;419;380;295;228;174;123;135;6746
"316550 Sardoá";454;459;511;592;583;504;446;427;384;351;335;299;225;153;147;124;112;6106
"316553 Sarzedo";2383;2307;2521;2812;2671;2586;2593;2622;2387;2030;1707;1312;982;705;442;289;330;30679
"316556 Sem-Peixe";127;137;151;158;212;178;191;177;181;190;203;174;146;148;127;101;117;2718
"316557 Senador Amaral";405;387;419;474;452;454;439;418;397;357;318;251;209;151;93;58;61;5343
"316560 Senador Cortes";155;152;157;161;171;142;150;146;132;134;121;105;84;68;49;30;55;2012
"316570 Senador Firmino";440;460;461;517;588;568;547;521;476;525;579;500;417;349;277;204;239;7668
"316580 Senador José Bento";54;63;93;113;119;95;103;98;103;130;141;130;116;90;70;52;60;1630
"316590 Senador Modestino Gonçalves";281;275;317;345;393;327;322;299;292;300;257;215;195;148;148;99;104;4317
"316600 Senhora de Oliveira";356;358;407;461;471;420;418;429;411;410;400;298;254;201;170;134;188;5786
"316610 Senhora do Porto";288;283;285;279;281;237;227;225;223;197;205;177;150;131;120;103;124;3535
"316620 Senhora dos Remédios";598;615;715;786;791;806;738;811;758;791;713;573;486;445;325;222;262;10435
"316630 Sericita";537;521;570;618;610;587;620;572;501;463;393;352;272;226;170;134;159;7305
"316640 Seritinga";103;109;107;128;154;134;133;135;137;133;138;108;99;83;58;37;46;1842
"316650 Serra Azul de Minas";391;355;397;453;435;349;294;270;240;218;210;179;143;114;86;75;85;4294
"316660 Serra da Saudade";45;45;59;60;55;60;68;58;58;47;49;51;49;34;20;19;20;797
"316680 Serra do Salitre";852;824;877;1007;1022;958;919;870;813;766;696;535;389;291;203;149;142;11313
"316670 Serra dos Aimorés";681;646;705;722;674;658;709;634;542;524;455;414;354;268;226;190;255;8657
"316690 Serrania";551;556;590;640;621;562;537;532;451;471;484;424;377;289;210;167;211;7673
"316695 Serranópolis de Minas";348;332;358;368;395;365;395;342;270;275;274;265;195;179;132;98;102;4693
"316700 Serranos";119;122;131;157;181;156;170;148;138;126;145;106;81;73;49;41;42;1985
"316710 Serro";1600;1525;1784;2010;1972;1719;1513;1401;1231;1290;1227;1010;810;605;467;361;522;21047
"316720 Sete Lagoas";13986;14103;16027;18940;19909;20734;20433;19016;16534;15796;14799;12800;9868;7249;5018;3478;3981;232671
"316555 Setubinha";1398;1223;1219;1194;1116;960;855;707;573;506;470;432;365;274;247;144;199;11882
"316730 Silveirânia";115;114;128;166;181;162;170;147;159;174;181;170;117;82;61;58;67;2252
"316740 Silvianópolis";364;360;405;447;458;461;427;410;420;427;443;383;334;297;225;158;187;6206
"316750 Simão Pereira";157;152;182;222;213;199;194;204;171;189;177;164;122;91;73;48;47;2605
"316760 Simonésia";1487;1415;1551;1665;1629;1579;1608;1572;1329;1175;1031;854;744;549;427;343;355;19313
"316770 Sobrália";398;414;389;426;439;401;335;371;364;376;374;340;299;208;185;150;207;5676
"316780 Soledade de Minas";426;434;389;416;454;441;453;469;383;416;393;356;299;218;182;144;159;6032
"316790 Tabuleiro";203;208;228;262;297;259;266;258;244;285;287;266;234;180;143;107;152;3879
"316800 Taiobeiras";2396;2328;2605;2843;2996;2870;2773;2493;2190;1991;1776;1580;1267;1039;756;590;808;33301
"316805 Taparuba";180;193;192;181;220;201;231;222;187;221;226;204;182;152;118;110;117;3137
"316810 Tapira";283;291;297;343;404;390;402;344;311;330;324;293;223;125;96;60;69;4585
"316820 Tapiraí";100;100;130;131;146;133;122;129;120;137;156;127;97;88;64;51;54;1885
"316830 Taquaraçu de Minas";283;274;282;324;310;289;275;336;259;283;263;201;194;153;120;81;82;4009
"316840 Tarumirim";985;1024;1021;1053;1053;1038;1003;1006;979;912;903;806;704;587;483;360;483;14400
"316850 Teixeiras";633;635;680;827;931;919;798;832;822;841;818;764;635;486;363;282;364;11630
"316860 Teófilo Otoni";9428;9467;10289;11281;11267;11588;11475;10776;9572;8964;8225;7036;5729;4540;3577;2709;3588;139511
"316870 Timóteo";5271;5516;6068;6831;7153;7240;7286;6867;5935;6086;6138;5185;3939;2791;1995;1504;1758;87563
"316880 Tiradentes";442;436;477;589;641;614;660;673;588;566;527;466;364;248;163;111;130;7695
"316890 Tiros";354;378;402;454;456;432;426;468;488;497;487;481;423;301;245;170;195;6657
"316900 Tocantins";971;966;1042;1256;1343;1270;1257;1300;1151;1174;1098;960;784;640;485;358;429;16484
"316905 Tocos do Moji";166;172;205;275;288;279;303;319;314;352;359;289;223;193;134;98;107;4076
"316910 Toledo";407;392;420;497;477;436;452;430;448;444;379;339;296;257;172;128;159;6133
"316920 Tombos";518;525;548;600;582;625;659;594;560;559;539;554;460;374;278;229;360;8564
"316930 Três Corações";5174;5061;5699;6803;6566;6364;6594;6083;5286;5024;4693;4229;3410;2471;1697;1216;1386;77756
"316935 Três Marias";2066;2057;2289;2664;2709;2575;2563;2509;2221;2149;1923;1678;1325;989;643;414;454;31228
"316940 Três Pontas";3622;3582;3979;4717;4667;4384;4418;4393;4016;3743;3430;3250;2641;1878;1326;943;1149;56138
"316950 Tumiritinga";534;528;573;602;566;474;451;445;408;403;399;331;255;208;191;123;137;6628
"316960 Tupaciguara";1463;1496;1582;1842;1934;1858;1773;1795;1820;1789;1767;1508;1247;1050;798;627;755;25104
"316970 Turmalina";1429;1349;1528;1693;1789;1942;1788;1500;1174;1149;1032;870;674;520;383;289;349;19458
"316980 Turvolândia";301;292;385;407;424;384;382;342;347;337;312;275;256;168;136;102;95;4945
"316990 Ubá";7056;7047;7873;9429;9346;9647;9561;8989;7851;7379;7062;6131;4671;3443;2346;1698;2121;111650
"317000 Ubaí";1120;1049;1127;1117;1181;1046;933;867;689;616;570;492;444;382;271;198;227;12329
"317005 Ubaporanga";871;856;883;945;1018;941;924;876;866;829;825;683;596;428;301;253;309;12404
"317010 Uberaba";18703;19514;20986;23995;25702;28072;28186;26400;22910;21505;20832;18671;15078;11552;8109;5993;7197;323405
"317020 Uberlândia";41038;42115;46557;52270;55279;58552;58427;55814;48366;45066;42003;36328;28667;20851;14215;10031;11288;666867
"317030 Umburatiba";196;181;224;213;205;194;224;203;167;146;154;140;120;92;71;61;66;2657
"317040 Unaí";5705;5619;6080;6826;7045;6974;7026;6793;6247;5482;5003;4220;3281;2351;1613;1165;1218;82648
"317043 União de Minas";297;286;316;343;345;365;356;362;326;315;248;235;175;130;115;81;72;4367
"317047 Uruana de Minas";225;221;229;254;293;235;229;239;240;229;213;166;160;124;86;63;70;3276
"317050 Urucânia";716;703;770;867;916;852;794;795;717;680;621;531;418;335;261;195;226;10397
"317052 Urucuia";1517;1354;1491;1619;1559;1329;1313;1225;934;735;682;560;431;396;305;215;234;15899
"317057 Vargem Alegre";375;383;455;509;505;467;441;497;465;431;445;373;331;261;204;169;201;6512
"317060 Vargem Bonita";136;141;132;139;147;162;169;145;131;148;165;146;136;93;71;57;51;2169
"317065 Vargem Grande do Rio Pardo";358;342;406;479;498;451;399;326;332;299;253;230;181;128;94;77;94;4947
"317070 Varginha";7995;8065;8814;10376;10681;11058;11435;11144;9472;8802;8390;7814;6359;4446;2937;2045;2449;132282
"317075 Varjão de Minas";547;501;539;641;641;661;601;557;493;417;378;282;206;133;109;76;71;6853
"317080 Várzea da Palma";2748;2714;3075;3286;3473;3472;3340;2958;2544;2286;2269;1947;1507;1088;735;525;556;38523
"317090 Varzelândia";1741;1656;1689;1780;1871;1709;1462;1210;1006;1015;930;815;741;558;431;349;404;19367
"317100 Vazante";1296;1305;1425;1617;1659;1613;1661;1646;1564;1538;1349;1134;857;638;474;330;322;20428
"317103 Verdelândia";946;858;888;988;989;805;731;584;469;440;368;283;235;168;139;95;95;9081
"317107 Veredinha";375;376;422;463;547;531;489;405;360;365;324;293;240;186;124;96;102;5698
"317110 Veríssimo";266;248;293;308;322;244;259;266;277;288;247;235;197;143;99;76;86;3854
"317115 Vermelho Novo";315;304;335;374;378;348;372;389;368;333;334;244;215;170;123;92;125;4819
"317120 Vespasiano";9043;8678;9821;11500;10973;10515;10654;10248;8755;7605;6404;5470;4017;2825;1855;1212;1251;120826
"317130 Viçosa";4235;4395;5185;6202;6226;6586;6944;6155;5326;5155;4998;4628;3769;2672;1781;1289;1600;77146
"317140 Vieiras";219;228;205;265;286;279;276;219;244;268;259;265;204;144;110;83;116;3670
"317160 Virgem da Lapa";866;870;998;1079;1205;1225;1134;925;872;858;848;750;591;510;379;302;378;13790
"317170 Virgínia";532;523;566;639;641;646;692;675;606;590;607;542;467;366;239;162;215;8708
"317180 Virginópolis";663;680;764;861;921;846;744;686;675;674;707;626;484;384;296;248;333;10592
"317190 Virgolândia";352;358;419;452;449;400;381;322;333;354;362;315;250;217;164;150;224;5502
"317200 Visconde do Rio Branco";2596;2617;2876;3217;3382;3474;3528;3255;2755;2726;2684;2235;1815;1397;1013;742;993;41305
"317210 Volta Grande";351;343;395;441;406;401;403;356;330;355;333;271;240;182;148;104;164;5223
"317220 Wenceslau Braz";160;158;181;186;190;178;182;176;185;198;189;170;123;101;70;60;61;2568
"Total";1324170;1320610;1461618;1677308;1722431;1727714;1714439;1629244;1443993;1372241;1295656;1138978;923260;703831;509092;370566;445113;20780264
